$grad
  cycle =      1    SCF energy =   -16.99936044418   |dE/dxyz| =  0.003220
    0.09338074989131      0.02628360963820     -0.05849306457006      C 
   -0.04504632153928      0.63507081310367      4.19752674702505      C 
    2.80977093484281     -0.15619190290877      0.63844577419158      C 
   -1.46337535736738      0.00671627620377      2.21488694670514      O 
    2.11931289717991      1.45593884045205      3.81873349597008      O 
    4.13238081954061      1.12995486321285     -0.20268952375772      H 
    3.52705073500079     -1.95956401977582      1.24520913057972      H 
   -0.70976649701755     -0.12037081902519      5.99739058460065      H 
   -0.30870761803597      1.78251982192951     -1.06932812751995      H 
   -0.58642269139016     -1.59156784344947     -1.14465142178302      H 
  -4.1689735866116E-04   1.3741945307474E-03   5.2567178776850E-04
  -4.3847478806121E-04   6.3607580530563E-04  -5.5731040544279E-04
  -4.1731336189652E-04  -2.7352043335676E-04   1.7597203598016E-03
   6.7404091455094E-04  -1.4325608149451E-03  -4.3866728144916E-04
   2.1183742275673E-04  -9.9303213647067E-05  -5.2729507013145E-04
   8.3359501026728E-05  -5.7997718374352E-05  -5.3578467032481E-04
  -1.5095298379943E-04   2.7353577427708E-05  -3.7766829924091E-04
   2.0539095747218E-04   4.1476454767782E-05  -2.1205195607249E-05
   3.1019970300748E-04  -2.3913471273214E-04   2.6956524799830E-04
  -6.1190006395713E-05   2.3416524806979E-05  -9.7026473372002E-05
$end
