           1           3   1.0683000434956567     
           2           3  0.18488352709488093     
           1           4  0.90579040288087165     
           2           4   1.1608956447041454     
           2           5   1.5507046173383496     
           3           5  0.45765750224645174     
           4           5  0.13857108243713095     
           3           6  0.98198503668392123     
           3           7  0.98363202188246701     
           2           8  0.93001896260574202     
           1           9  0.96936158203735234     
           1          10  0.95578980309362671     
