$hessian                                                                        
        0.8167211645   0.0541481573  -0.0000028722  -0.8335272432  -0.0451509539
        0.0000027929  -0.0241331215   0.0074269591   0.0000001731   0.0409392002
       -0.0164241625  -0.0000000937
        0.0541481573   0.0631839674  -0.0000002614  -0.0842322153   0.0250131303
        0.0000001492  -0.0009590822   0.0181590524   0.0000000244   0.0310431402
       -0.1063561501   0.0000000879
       -0.0000028722  -0.0000002614   0.0074026034   0.0000029701   0.0000000502
       -0.0197799677   0.0000001124  -0.0000000345   0.0102991887  -0.0000002102
        0.0000002457   0.0020781755
       -0.8335272432  -0.0842322153   0.0000029701   1.1682189368   0.0256559560
       -0.0000038916  -0.3213499668   0.0332993468   0.0000009433  -0.0133417269
        0.0252769125  -0.0000000218
       -0.0451509539   0.0250131303   0.0000000502   0.0256559560   0.0914801725
       -0.0000000790   0.0391222055  -0.0441827029  -0.0000001481  -0.0196272077
       -0.0723105999   0.0000001768
        0.0000027929   0.0000001492  -0.0197799677  -0.0000038916  -0.0000000790
        0.0528526385   0.0000009827  -0.0000001009  -0.0275197264   0.0000001159
        0.0000000308  -0.0055529444
       -0.0241331215  -0.0009590822   0.0000001124  -0.3213499668   0.0391222055
        0.0000009827   0.3449260351  -0.0386531011  -0.0000010997   0.0005570533
        0.0004899778   0.0000000046
        0.0074269591   0.0181590524  -0.0000000345   0.0332993468  -0.0441827029
       -0.0000001009  -0.0386531011   0.0244207051   0.0000001245  -0.0020732048
        0.0016029454   0.0000000109
        0.0000001731   0.0000000244   0.0102991887   0.0000009433  -0.0000001481
       -0.0275197264  -0.0000010997   0.0000001245   0.0143291870  -0.0000000166
       -0.0000000008   0.0028913507
        0.0409392002   0.0310431402  -0.0000002102  -0.0133417269  -0.0196272077
        0.0000001159   0.0005570533  -0.0020732048  -0.0000000166  -0.0281545266
       -0.0093427277   0.0000001109
       -0.0164241625  -0.1063561501   0.0000002457   0.0252769125  -0.0723105999
        0.0000000308   0.0004899778   0.0016029454  -0.0000000008  -0.0093427277
        0.1770638046  -0.0000002757
       -0.0000000937   0.0000000879   0.0020781755  -0.0000000218   0.0000001768
       -0.0055529444   0.0000000046   0.0000000109   0.0028913507   0.0000001109
       -0.0000002757   0.0005834182
