$hessian                                                                        
        0.6728245093  -0.0875398683  -0.0687906551  -0.3128540359   0.1359704891
        0.0224355442  -0.1072781516   0.0202097183   0.0101161095  -0.2194025074
       -0.0957822070   0.0613040657  -0.0010323139   0.0006091683   0.0014417618
       -0.0391153510   0.0273729042  -0.0263967150   0.0068578506  -0.0008402045
       -0.0001101112
       -0.0875398683   0.3238605951  -0.1767599096   0.0757260140  -0.1675278359
        0.0077240814  -0.0425276938   0.0860616994   0.0039446658  -0.0947119174
       -0.1024929508   0.0214421785   0.0178664023  -0.0089685338   0.0076435765
        0.0459083222  -0.1121387455   0.1649615795   0.0852787410  -0.0187942285
       -0.0289561721
       -0.0687906551  -0.1767599096   0.2494495108  -0.0065870948  -0.0037688994
       -0.0461697035   0.0234854226   0.0167272288   0.0221966379   0.0695378676
        0.0381043233  -0.0519711467  -0.0021351918   0.0008131225   0.0069184914
       -0.0272060963   0.1310144788  -0.1525502943   0.0116957477  -0.0061303443
       -0.0278734955
       -0.3128540359   0.0757260140  -0.0065870948   0.6128375780  -0.0326859717
        0.0025158719  -0.3601470805  -0.0998445324  -0.0076855092  -0.0234312650
       -0.0026243337  -0.0102673765  -0.0558358466   0.0477557967   0.0199987795
       -0.0004115292   0.0365484865   0.0306943027   0.1398421793  -0.0248754594
       -0.0286689735
        0.1359704891  -0.1675278359  -0.0037688994  -0.0326859717   0.7064875354
        0.0368432594  -0.1869960653  -0.1934117062  -0.0024797922  -0.0152379619
        0.0065591814   0.0041172229   0.0464231383  -0.2714259689  -0.0125231691
        0.0162846322  -0.0157560248  -0.0002931227   0.0362417394  -0.0649251810
       -0.0218954988
        0.0224355442   0.0077240814  -0.0461697035   0.0025158719   0.0368432594
        0.1414910415  -0.0113173341  -0.0241119915  -0.0490649268   0.0043143651
       -0.0066708349  -0.0053137195   0.0050298624  -0.0106860071  -0.0465509203
       -0.0161476067   0.0087756817  -0.0016049428  -0.0068307028  -0.0118741890
        0.0072131714
       -0.1072781516  -0.0425276938   0.0234854226  -0.3601470805  -0.1869960653
       -0.0113173341   0.4857096751   0.2294579056   0.0221326421  -0.0146223647
       -0.0021239004  -0.0083499762   0.0041163878  -0.0030522733  -0.0112710277
        0.0049979511  -0.0064737569   0.0002883362  -0.0127764172   0.0117157840
       -0.0149680629
        0.0202097183   0.0860616994   0.0167272288  -0.0998445324  -0.1934117062
       -0.0241119915   0.2294579056   0.1359436549   0.0010145657   0.0053153862
        0.0147549968   0.0130211576  -0.0289037671  -0.0325168372  -0.0135746103
       -0.0073057048  -0.0226199630  -0.0265905109  -0.1189290057   0.0117881553
        0.0335141606
        0.0101161095   0.0039446658   0.0221966379  -0.0076855092  -0.0024797922
       -0.0490649268   0.0221326421   0.0010145657   0.0375975852   0.0025159095
        0.0059557963   0.0107025945  -0.0030794540  -0.0034953409   0.0027842076
       -0.0007807227  -0.0048857049  -0.0042409885  -0.0232189751  -0.0000541898
       -0.0199751099
       -0.2194025074  -0.0947119174   0.0695378676  -0.0234312650  -0.0152379619
        0.0043143651  -0.0146223647   0.0053153862   0.0025159095   0.2525850033
        0.1034599233  -0.0770635328  -0.0000169126   0.0000004968   0.0000686467
        0.0013134812  -0.0001288190   0.0009419309   0.0035745652   0.0013028919
       -0.0003151869
       -0.0957822070  -0.1024929508   0.0381043233  -0.0026243337   0.0065591814
       -0.0066708349  -0.0021239004   0.0147549968   0.0059557963   0.1034599233
        0.0939364800  -0.0487678102   0.0001465748   0.0002084721   0.0005658749
       -0.0183130018  -0.0104586198   0.0095094732   0.0152369447  -0.0025075597
        0.0013031773
        0.0613040657   0.0214421785  -0.0519711467  -0.0102673765   0.0041172229
       -0.0053137195  -0.0083499762   0.0130211576   0.0107025945  -0.0770635328
       -0.0487678102   0.0536802393  -0.0003807155   0.0000464110   0.0004980892
        0.0175386835   0.0135276094  -0.0064604145   0.0172188519  -0.0033867690
       -0.0011356422
       -0.0010323139   0.0178664023  -0.0021351918  -0.0558358466   0.0464231383
        0.0050298624   0.0041163878  -0.0289037671  -0.0030794540  -0.0000169126
        0.0001465748  -0.0003807155   0.0558453842  -0.0407278203  -0.0014905892
       -0.0011019708   0.0032645228   0.0021207208  -0.0019747281   0.0019309492
       -0.0000646326
        0.0006091683  -0.0089685338   0.0008131225   0.0477557967  -0.2714259689
       -0.0106860071  -0.0030522733  -0.0325168372  -0.0034953409   0.0000004968
        0.0002084721   0.0000464110  -0.0407278203   0.3199444747   0.0155015568
       -0.0001228303  -0.0014457007  -0.0018176205  -0.0044625379  -0.0057959063
       -0.0003621216
        0.0014417618   0.0076435765   0.0069184914   0.0199987795  -0.0125231691
       -0.0465509203  -0.0112710277  -0.0135746103   0.0027842076   0.0000686467
        0.0005658749   0.0004980892  -0.0014905892   0.0155015568   0.0242759004
        0.0010503840  -0.0005308726   0.0010750803  -0.0097979550   0.0029176438
        0.0109991514
       -0.0391153510   0.0459083222  -0.0272060963  -0.0004115292   0.0162846322
       -0.0161476067   0.0049979511  -0.0073057048  -0.0007807227   0.0013134812
       -0.0183130018   0.0175386835  -0.0011019708  -0.0001228303   0.0010503840
        0.0537859273  -0.0343688595   0.0302119470  -0.0194685085  -0.0020825579
       -0.0046665888
        0.0273729042  -0.1121387455   0.1310144788   0.0365484865  -0.0157560248
        0.0087756817  -0.0064737569  -0.0226199630  -0.0048857049  -0.0001288190
       -0.0104586198   0.0135276094   0.0032645228  -0.0014457007  -0.0005308726
       -0.0343688595   0.1565646101  -0.1506472044  -0.0262144781   0.0058544436
        0.0027460121
       -0.0263967150   0.1649615795  -0.1525502943   0.0306943027  -0.0002931227
       -0.0016049428   0.0002883362  -0.0265905109  -0.0042409885   0.0009419309
        0.0095094732  -0.0064604145   0.0021207208  -0.0018176205   0.0010750803
        0.0302119470  -0.1506472044   0.1669227534  -0.0378605226   0.0048774058
       -0.0031411937
        0.0068578506   0.0852787410   0.0116957477   0.1398421793   0.0362417394
       -0.0068307028  -0.0127764172  -0.1189290057  -0.0232189751   0.0035745652
        0.0152369447   0.0172188519  -0.0019747281  -0.0044625379  -0.0097979550
       -0.0194685085  -0.0262144781  -0.0378605226  -0.1160549412   0.0128485966
        0.0487935559
       -0.0008402045  -0.0187942285  -0.0061303443  -0.0248754594  -0.0649251810
       -0.0118741890   0.0117157840   0.0117881553  -0.0000541898   0.0013028919
       -0.0025075597  -0.0033867690   0.0019309492  -0.0057959063   0.0029176438
       -0.0020825579   0.0058544436   0.0048774058   0.0128485966   0.0743802766
        0.0136504426
       -0.0001101112  -0.0289561721  -0.0278734955  -0.0286689735  -0.0218954988
        0.0072131714  -0.0149680629   0.0335141606  -0.0199751099  -0.0003151869
        0.0013031773  -0.0011356422  -0.0000646326  -0.0003621216   0.0109991514
       -0.0046665888   0.0027460121  -0.0031411937   0.0487935559   0.0136504426
        0.0339131186
