$hessian                                                                        
        0.4586672404  -0.0000018329   0.0161585619  -0.3614341082  -0.0001605663
        0.1384562519  -0.0792446548   0.0864084229  -0.0274664296  -0.0792681649
       -0.0863726863  -0.0276022018   0.0612796875   0.0001266627  -0.0995461823
       -0.0000018329   0.5084419446   0.0002853334   0.0000222829  -0.0442978066
       -0.0001508137   0.0890226568  -0.2294113972   0.0635550997  -0.0889879318
       -0.2291958104  -0.0638459302  -0.0000551750  -0.0055369304   0.0001563108
        0.0161585619   0.0002853334   0.1382007052   0.0184588313  -0.0001123810
        0.0588948472  -0.0284553121   0.0496627381  -0.0417317834  -0.0286044245
       -0.0499588984  -0.0418878629   0.0224423435   0.0001232079  -0.1134759061
       -0.3614341082   0.0000222829   0.0184588313   0.3999186192   0.0000108446
       -0.0155371424  -0.0321734168   0.0103369321  -0.0056874609  -0.0321606354
       -0.0103293794  -0.0056767746   0.0258495412  -0.0000406801   0.0084425466
       -0.0001605663  -0.0442978066  -0.0001123810   0.0000108446   0.0394609159
        0.0000933226   0.0248087087   0.0049617302  -0.0064755382  -0.0247911434
        0.0049571756   0.0064710360   0.0001321565  -0.0050820151   0.0000235606
        0.1384562519  -0.0001508137   0.0588948472  -0.0155371424   0.0000933226
       -0.0521806035  -0.0056082365   0.0002143356   0.0069640816  -0.0056518490
       -0.0002156442   0.0069444744  -0.1116590240   0.0000587997  -0.0206227997
       -0.0792446548   0.0890226568  -0.0284553121  -0.0321734168   0.0248087087
       -0.0056082365   0.1079383603  -0.1074770968   0.0332342807   0.0055899550
       -0.0085328292   0.0023630862  -0.0021102437   0.0021785604  -0.0015338183
        0.0864084229  -0.2294113972   0.0496627381   0.0103369321   0.0049617302
        0.0002143356  -0.1074770968   0.2492646515  -0.0570567516   0.0085259573
       -0.0238336618   0.0067340299   0.0022057845  -0.0009813228   0.0004456480
       -0.0274664296   0.0635550997  -0.0417317834  -0.0056874609  -0.0064755382
        0.0069640816   0.0332342807  -0.0570567516   0.0310085628   0.0023753912
       -0.0067815184   0.0059167769  -0.0024557814   0.0067587085  -0.0021576379
       -0.0792681649  -0.0889879318  -0.0286044245  -0.0321606354  -0.0247911434
       -0.0056518490   0.0055899550   0.0085259573   0.0023753912   0.1079619008
        0.1074379759   0.0334215525  -0.0021230555  -0.0021848580  -0.0015406702
       -0.0863726863  -0.2291958104  -0.0499588984  -0.0103293794   0.0049571756
       -0.0002156442  -0.0085328292  -0.0238336618  -0.0067815184   0.1074379759
        0.2490437874   0.0574008313  -0.0022030810  -0.0009714908  -0.0004447704
       -0.0276022018  -0.0638459302  -0.0418878629  -0.0056767746   0.0064710360
        0.0069444744   0.0023630862   0.0067340299   0.0059167769   0.0334215525
        0.0574008313   0.0311981896  -0.0025056624  -0.0067599671  -0.0021715780
        0.0612796875  -0.0000551750   0.0224423435   0.0258495412   0.0001321565
       -0.1116590240  -0.0021102437   0.0022057845  -0.0024557814  -0.0021230555
       -0.0022030810  -0.0025056624  -0.0828959294  -0.0000796851   0.0941781243
        0.0001266627  -0.0055369304   0.0001232079  -0.0000406801  -0.0050820151
        0.0000587997   0.0021785604  -0.0009813228   0.0067587085  -0.0021848580
       -0.0009714908  -0.0067599671  -0.0000796851   0.0125717591  -0.0001807490
       -0.0995461823   0.0001563108  -0.1134759061   0.0084425466   0.0000235606
       -0.0206227997  -0.0015338183   0.0004456480  -0.0021576379  -0.0015406702
       -0.0004447704  -0.0021715780   0.0941781243  -0.0001807490   0.1384279217
