$hessian                                                                        
        0.4384975837   0.0525487274  -0.0000003261  -0.4772577796  -0.2802937377
        0.0000003708  -0.0763851310   0.0910622326   0.0000000540   0.1151453269
        0.1366827777  -0.0000000987
        0.0525487274   0.3342901846  -0.0000000028  -0.1078370158  -0.0111304879
        0.0000000865   0.0636674537  -0.2256576306  -0.0000000746  -0.0083791653
       -0.0975020660  -0.0000000091
       -0.0000003261  -0.0000000028   0.0100705663   0.0000003316   0.0000001832
        0.0014362071   0.0000000588  -0.0000000814  -0.0056297153  -0.0000000644
       -0.0000000991  -0.0058770581
       -0.4772577796  -0.1078370158   0.0000003316   0.4969510914   0.0806801755
       -0.0000003959  -0.0438288066   0.0349984107   0.0000000596   0.0241354948
       -0.0078415705   0.0000000047
       -0.2802937377  -0.0111304879   0.0000001832   0.0806801755  -0.0121946462
       -0.0000000679   0.0389155635   0.0517120208  -0.0000000084   0.1606979987
       -0.0283868866  -0.0000001070
        0.0000003708   0.0000000865   0.0014362071  -0.0000003959  -0.0000000679
        0.0002048237   0.0000000360  -0.0000000253  -0.0008028781  -0.0000000109
        0.0000000067  -0.0008381527
       -0.0763851310   0.0636674537   0.0000000588  -0.0438288066   0.0389155635
        0.0000000360   0.1252739533  -0.0988003598  -0.0000001017  -0.0050600157
       -0.0037826573   0.0000000069
        0.0910622326  -0.2256576306  -0.0000000814   0.0349984107   0.0517120208
       -0.0000000253  -0.0988003598   0.1866307720   0.0000000869  -0.0272602836
       -0.0126851622   0.0000000198
        0.0000000540  -0.0000000746  -0.0056297153   0.0000000596  -0.0000000084
       -0.0008028781  -0.0000001017   0.0000000869   0.0031471610  -0.0000000118
       -0.0000000040   0.0032854323
        0.1151453269  -0.0083791653  -0.0000000644   0.0241354948   0.1606979987
       -0.0000000109  -0.0050600157  -0.0272602836  -0.0000000118  -0.1342208059
       -0.1250585499   0.0000000871
        0.1366827777  -0.0975020660  -0.0000000991  -0.0078415705  -0.0283868866
        0.0000000067  -0.0037826573  -0.0126851622  -0.0000000040  -0.1250585499
        0.1385741149   0.0000000963
       -0.0000000987  -0.0000000091  -0.0058770581   0.0000000047  -0.0000001070
       -0.0008381527   0.0000000069   0.0000000198   0.0032854323   0.0000000871
        0.0000000963   0.0034297785
