$grad
  cycle =      1    SCF energy =   -10.24940301976   |dE/dxyz| =  0.000213
    2.05729751701101     -0.31131308111280     -0.09495214768376      C 
   -0.20484259031598      1.00650150253110      0.09777338806789      C 
   -2.08963546511815     -0.50219707598517     -0.04100644509610      O 
    3.79931583318773      0.58376255791029     -0.68296508189132      H 
   -0.52308796868109      3.02953264637952      0.20223124885584      H 
    2.38578831210450     -1.70670679882168      1.37164290967561      H 
   -0.05966390552266     -2.06014232606683     -0.57977361981271      H 
   1.2589522655594E-05   7.5401730125328E-05   4.0721254386946E-05
   9.8670408130958E-05   1.7618843741937E-05  -4.0148136531222E-06
  -1.0242299127892E-05  -1.0202928056317E-04   3.6420810512928E-05
   1.0282127406350E-06   3.2750489885005E-06   2.6712103971109E-05
   4.9722493766298E-06  -1.2903279108280E-05  -4.5206597263576E-05
  -9.0275080063774E-06  -1.9993713925271E-05  -3.4003817849590E-05
  -9.7990585769525E-05   3.8630650740938E-05  -2.0628940104679E-05
$end
