$grad
  cycle =      1    SCF energy =    -7.57381938560   |dE/dxyz| =  0.000137
   -1.21734622381083      0.00000081876437      0.06528294859903      C 
    1.41695386290417      0.00018882193479     -0.16640855980152      O 
   -2.16908608225025      1.74974206238710     -0.41756637431986      H 
   -2.16931228047173     -1.74885153505437     -0.42036084151318      H 
    0.30685236127129     -0.00240223598793      1.77749611289193      H 
   7.8639159287521E-05  -6.5076565247222E-07  -5.7639214850593E-05
  -1.7864902823121E-05   1.1563406274179E-05  -2.9162260150525E-06
  -4.0553489224394E-05  -1.2349649248436E-05  -8.1046641602781E-06
  -4.5954908128490E-05   1.4158772970120E-05   6.3147383373431E-06
   2.5734140888492E-05  -1.2721764343382E-05   6.2345366688574E-05
$end
