$hessian                                                                        
        0.4586672403  -0.0000018499   0.0161585618  -0.3614341081  -0.0001606742
        0.1384562519  -0.0792447144   0.0864084739  -0.0274664512  -0.0792681053
       -0.0863726353  -0.0276021801   0.0612796874   0.0001266855  -0.0995461824
       -0.0000018499   0.5084419445   0.0002853389   0.0000221751  -0.0442978066
       -0.0001507667   0.0890227080  -0.2294113375   0.0635550903  -0.0889878807
       -0.2291958700  -0.0638459395  -0.0000551524  -0.0055369304   0.0001562770
        0.0161585618   0.0002853389   0.1382007052   0.0184588313  -0.0001123748
        0.0588948471  -0.0284553291   0.0496627284  -0.0417317834  -0.0286044075
       -0.0499589081  -0.0418878629   0.0224423435   0.0001232155  -0.1134759061
       -0.3614341081   0.0000221751   0.0184588313   0.3999186191   0.0000109671
       -0.0155371424  -0.0321734288   0.0103369194  -0.0056874587  -0.0321606233
       -0.0103293920  -0.0056767768   0.0258495411  -0.0000406696   0.0084425466
       -0.0001606742  -0.0442978066  -0.0001123748   0.0000109671   0.0394609161
        0.0000933174   0.0248086961   0.0049617421  -0.0064755402  -0.0247911561
        0.0049571636   0.0064710341   0.0001321671  -0.0050820152   0.0000235634
        0.1384562519  -0.0001507667   0.0588948471  -0.0155371424   0.0000933174
       -0.0521806035  -0.0056082365   0.0002143337   0.0069640816  -0.0056518490
       -0.0002156461   0.0069444744  -0.1116590240   0.0000587618  -0.0206227997
       -0.0792447144   0.0890227080  -0.0284553291  -0.0321734288   0.0248086961
       -0.0056082365   0.1079384334  -0.1074771449   0.0332343001   0.0055899550
       -0.0085328192   0.0023630840  -0.0021102451   0.0021785600  -0.0015338185
        0.0864084739  -0.2294113375   0.0496627284   0.0103369194   0.0049617421
        0.0002143337  -0.1074771449   0.2492645784  -0.0570567403   0.0085259673
       -0.0238336617   0.0067340307   0.0022057841  -0.0009813213   0.0004456475
       -0.0274664512   0.0635550903  -0.0417317834  -0.0056874587  -0.0064755402
        0.0069640816   0.0332343001  -0.0570567403   0.0310085628   0.0023753935
       -0.0067815175   0.0059167769  -0.0024557837   0.0067587077  -0.0021576379
       -0.0792681053  -0.0889878807  -0.0286044075  -0.0321606233  -0.0247911561
       -0.0056518490   0.0055899550   0.0085259673   0.0023753935   0.1079618277
        0.1074379279   0.0334215330  -0.0021230541  -0.0021848583  -0.0015406701
       -0.0863726353  -0.2291958700  -0.0499589081  -0.0103293920   0.0049571636
       -0.0002156461  -0.0085328192  -0.0238336617  -0.0067815175   0.1074379279
        0.2490438604   0.0574008427  -0.0022030813  -0.0009714923  -0.0004447709
       -0.0276021801  -0.0638459395  -0.0418878629  -0.0056767768   0.0064710341
        0.0069444744   0.0023630840   0.0067340307   0.0059167769   0.0334215330
        0.0574008427   0.0311981896  -0.0025056601  -0.0067599680  -0.0021715780
        0.0612796874  -0.0000551524   0.0224423435   0.0258495411   0.0001321671
       -0.1116590240  -0.0021102451   0.0022057841  -0.0024557837  -0.0021230541
       -0.0022030813  -0.0025056601  -0.0828959294  -0.0000797175   0.0941781243
        0.0001266855  -0.0055369304   0.0001232155  -0.0000406696  -0.0050820152
        0.0000587618   0.0021785600  -0.0009813213   0.0067587077  -0.0021848583
       -0.0009714923  -0.0067599680  -0.0000797175   0.0125717591  -0.0001807170
       -0.0995461824   0.0001562770  -0.1134759061   0.0084425466   0.0000235634
       -0.0206227997  -0.0015338185   0.0004456475  -0.0021576379  -0.0015406701
       -0.0004447709  -0.0021715780   0.0941781243  -0.0001807170   0.1384279216
