$hessian                                                                        
        0.3939072508   0.0205225903   0.1143226490   0.0149519723   0.0091538532
        0.0261858096  -0.1893029639   0.0135907927  -0.0269952910  -0.0975728627
       -0.0181913600   0.0114441682   0.0095695884  -0.0085337174  -0.0328512994
       -0.0158111208  -0.0018036425  -0.0085922187  -0.0108772203   0.0025597418
       -0.0049336017  -0.0016634191   0.0002379626  -0.0054284656  -0.0472778832
        0.0401810489  -0.0272775648  -0.0559233415  -0.0577172696  -0.0458741856
        0.0205225903   0.5241629198  -0.0089892061  -0.0057646300  -0.0015184387
       -0.0148331353   0.0084856728  -0.0642516381   0.0184343446  -0.0102987238
       -0.0504915016   0.0180917255   0.0019305168  -0.0052529345  -0.0178782680
       -0.0146991608   0.0016654143  -0.0019083155   0.0246538743  -0.0034949181
        0.0059857170  -0.0007931108   0.0024032722   0.0023330450   0.0383775893
       -0.2136385093   0.0876909044  -0.0624146181  -0.1895836659  -0.0889268117
        0.1143226490  -0.0089892061   0.4065007083  -0.0068965103  -0.0142027258
       -0.0680208977  -0.0577762007   0.0130324881  -0.0703260825   0.0296088879
        0.0151318204  -0.0796241930  -0.0065172818   0.0006320552  -0.0105920838
        0.0093758735   0.0014250167   0.0057259696  -0.0095201940   0.0014971122
       -0.0035737581  -0.0007418044  -0.0045742810  -0.0008102888  -0.0251738055
        0.0892078236  -0.0862088777  -0.0466816137  -0.0931601033  -0.0930704964
        0.0149519723  -0.0057646300  -0.0068965103   0.6113537011   0.2189378968
       -0.0384264714  -0.0352517856   0.0369207443   0.0909214622  -0.1530954005
       -0.0488624033  -0.1282249569  -0.3873415691  -0.1719120342   0.0132117247
       -0.0005833494   0.0024403927   0.0043650792  -0.0000699427   0.0002856878
        0.0007267840  -0.0466406617  -0.0332206459   0.0592896778  -0.0014817627
        0.0002531610   0.0028288670  -0.0018412019   0.0009218309   0.0022043437
        0.0091538532  -0.0015184387  -0.0142027258   0.2189378968   0.2038550484
       -0.0413737749   0.0011180057   0.0121407923   0.0000012243  -0.0479808168
       -0.0523234019  -0.0406090364  -0.1576716965  -0.1076938103   0.0322748022
       -0.0005459823  -0.0006916655  -0.0007444884  -0.0001141670   0.0003024173
        0.0000085586  -0.0219496702  -0.0531357024   0.0644456816  -0.0010785187
       -0.0008952930   0.0023981814   0.0001310958  -0.0000399463  -0.0021984226
        0.0261858096  -0.0148331353  -0.0680208977  -0.0384264714  -0.0413737749
        0.5383516766   0.0183479314  -0.0193920807  -0.0694359979  -0.0789802412
       -0.0306220297  -0.1671934781   0.0209160702   0.0304654926  -0.0313788963
       -0.0015640065  -0.0021808855  -0.0009564347  -0.0004433970   0.0012151941
       -0.0011885124   0.0551508719   0.0774905230  -0.1967407204  -0.0005729060
       -0.0012026190  -0.0011023511  -0.0006136611   0.0004333153  -0.0023343880
       -0.1893029639   0.0084856728  -0.0577762007  -0.0352517856   0.0011180057
        0.0183479314   0.5236721052   0.0224113667  -0.0189696679  -0.0439092856
        0.0053318459   0.0267624510   0.0055146410  -0.0002170661  -0.0130040891
       -0.1574952261  -0.1167868814   0.0782789925  -0.0745804957   0.0834463864
       -0.0258133969   0.0024692129  -0.0042767389  -0.0006162093  -0.0132442417
        0.0049975290  -0.0040581585  -0.0178719605  -0.0045101201  -0.0031516525
        0.0135907927  -0.0642516381   0.0130324881   0.0369207443   0.0121407923
       -0.0193920807   0.0224113667   0.4859483565  -0.2048101132   0.0054659086
        0.0006327759   0.0151620489  -0.0407645375  -0.0321225417   0.0235040003
       -0.1170821306  -0.1537663945   0.0879759097   0.0807693220  -0.2546868181
        0.0807526783  -0.0069974339   0.0099748870   0.0013381342   0.0260092220
       -0.0048891140   0.0089356778  -0.0203232544   0.0010196946  -0.0064987434
       -0.0269952910   0.0184343446  -0.0703260825   0.0909214622   0.0000012243
       -0.0694359979  -0.0189696679  -0.2048101132   0.1505210164   0.0356280460
        0.0021518393   0.0385570587  -0.0853432453   0.0008769492   0.0623627683
        0.0727821228   0.0858586675  -0.0668499090  -0.0292983910   0.0867250523
       -0.0451422655  -0.0081067205   0.0105593203   0.0040403395  -0.0138532001
        0.0020345330  -0.0029186256  -0.0167651152  -0.0018318173  -0.0008083025
       -0.0975728627  -0.0102987238   0.0296088879  -0.1530954005  -0.0479808168
       -0.0789802412  -0.0439092856   0.0054659086   0.0356280460   0.3561346200
        0.0921362081   0.0637976915  -0.0674016476  -0.0408220855  -0.0523834952
       -0.0046159570   0.0020742733  -0.0014654403   0.0006570717  -0.0004709032
        0.0010261361   0.0059871260   0.0040298100  -0.0016035147   0.0006544306
       -0.0052249056   0.0058056348   0.0031619051   0.0010912348  -0.0014337048
       -0.0181913600  -0.0504915016   0.0151318204  -0.0488624033  -0.0523234019
       -0.0306220297   0.0053318459   0.0006327759   0.0021518393   0.0921362081
        0.0897549587   0.0358993567  -0.0320213755   0.0074248354  -0.0257854695
        0.0001999063  -0.0000043489  -0.0014723063  -0.0005202148   0.0001769668
        0.0007621120   0.0034535935   0.0014652725   0.0030986835  -0.0126295680
        0.0032314420   0.0230662312   0.0111033677   0.0001330010  -0.0222302377
        0.0114441682   0.0180917255  -0.0796241930  -0.1282249569  -0.0406090364
       -0.1671934781   0.0267624510   0.0151620489   0.0385570587   0.0637976915
        0.0358993567   0.3659835774   0.0023758357  -0.0268647494  -0.0501752911
        0.0029727385  -0.0025224006  -0.0057944864   0.0004874653  -0.0008732441
        0.0017939572  -0.0140158928  -0.0011179871  -0.0422403002   0.0168581363
        0.0090665519  -0.0303670458   0.0175423633  -0.0062322654  -0.0309397988
        0.0095695884   0.0019305168  -0.0065172818  -0.3873415691  -0.1576716965
        0.0209160702   0.0055146410  -0.0407645375  -0.0853432453  -0.0674016476
       -0.0320213755   0.0023758357   0.4780073637   0.2359906549   0.0413217508
       -0.0023325285   0.0013999423   0.0059517028  -0.0008200416   0.0019700563
        0.0018386298  -0.0325962120  -0.0100579161   0.0178954197   0.0011541274
       -0.0008793688  -0.0000420406  -0.0037537218   0.0001037242   0.0016031586
       -0.0085337174  -0.0052529345   0.0006320552  -0.1719120342  -0.1076938103
        0.0304654926  -0.0002170661  -0.0321225417   0.0008769492  -0.0408220855
        0.0074248354  -0.0268647494   0.2359906549   0.1530367787  -0.0077483234
       -0.0001772185   0.0026222110   0.0045763220   0.0024313629  -0.0048251240
       -0.0108318145  -0.0158679922  -0.0145177218   0.0091285456  -0.0003953658
        0.0002305542   0.0000162188  -0.0004965381   0.0010977528  -0.0002506964
       -0.0328512994  -0.0178782680  -0.0105920838   0.0132117247   0.0322748022
       -0.0313788963  -0.0130040891   0.0235040003   0.0623627683  -0.0523834952
       -0.0257854695  -0.0501752911   0.0413217508  -0.0077483234   0.0464367973
        0.0022581811  -0.0008509319  -0.0048945051   0.0015192549  -0.0043625621
       -0.0024628849   0.0390311225  -0.0021510825  -0.0083383647   0.0007123591
        0.0004503952   0.0012206337   0.0001844907   0.0025474398  -0.0021781733
       -0.0158111208  -0.0146991608   0.0093758735  -0.0005833494  -0.0005459823
       -0.0015640065  -0.1574952261  -0.1170821306   0.0727821228  -0.0046159570
        0.0001999063   0.0029727385  -0.0023325285  -0.0001772185   0.0022581811
        0.1769183977   0.1271082066  -0.0824841888   0.0059940476   0.0055049789
       -0.0036460913  -0.0000790888   0.0003767073  -0.0000532842   0.0005530451
       -0.0007876778   0.0009155957  -0.0025482198   0.0001023709  -0.0005569408
       -0.0018036425   0.0016654143   0.0014250167   0.0024403927  -0.0006916655
       -0.0021808855  -0.1167868814  -0.1537663945   0.0858586675   0.0020742733
       -0.0000043489  -0.0025224006   0.0013999423   0.0026222110  -0.0008509319
        0.1271082066   0.1657674815  -0.0930249890  -0.0156004272  -0.0168710565
        0.0117485385   0.0001758226   0.0003199207  -0.0000865140   0.0012641288
        0.0008460102  -0.0003954070  -0.0002718152   0.0001124277   0.0000289053
       -0.0085922187  -0.0019083155   0.0057259696   0.0043650792  -0.0007444884
       -0.0009564347   0.0782789925   0.0879759097  -0.0668499090  -0.0014654403
       -0.0014723063  -0.0057944864   0.0059517028   0.0045763220  -0.0048945051
       -0.0824841888  -0.0930249890   0.0756051595   0.0053135355   0.0063589950
       -0.0024072514   0.0002709060  -0.0002623112  -0.0001088157  -0.0000627668
       -0.0009248103   0.0002152981  -0.0015756015  -0.0005740062  -0.0005350249
       -0.0108772203   0.0246538743  -0.0095201940  -0.0000699427  -0.0001141670
       -0.0004433970  -0.0745804957   0.0807693220  -0.0292983910   0.0006570717
       -0.0005202148   0.0004874653  -0.0008200416   0.0024313629   0.0015192549
        0.0059940476  -0.0156004272   0.0053135355   0.0839387187  -0.0931621161
        0.0332065170  -0.0000144427   0.0001337007   0.0000355563  -0.0052679312
        0.0006674317  -0.0015071267   0.0010402361   0.0007412334   0.0002067796
        0.0025597418  -0.0034949181   0.0014971122   0.0002856878   0.0003024173
        0.0012151941   0.0834463864  -0.2546868181   0.0867250523  -0.0004709032
        0.0001769668  -0.0008732441   0.0019700563  -0.0048251240  -0.0043625621
        0.0055049789  -0.0168710565   0.0063589950  -0.0931621161   0.2769588169
       -0.0904538486  -0.0000954854  -0.0000314040  -0.0000537440   0.0002212788
        0.0014763553   0.0002334425  -0.0002596252   0.0009947644  -0.0002863973
       -0.0049336017   0.0059857170  -0.0035737581   0.0007267840   0.0000085586
       -0.0011885124  -0.0258133969   0.0807526783  -0.0451422655   0.0010261361
        0.0007621120   0.0017939572   0.0018386298  -0.0108318145  -0.0024628849
       -0.0036460913   0.0117485385  -0.0024072514   0.0332065170  -0.0904538486
        0.0521028770  -0.0003145461   0.0006346397   0.0000115876  -0.0027718680
        0.0008618956   0.0007106432   0.0006814372   0.0005315233   0.0001556071
       -0.0016634191  -0.0007931108  -0.0007418044  -0.0466406617  -0.0219496702
        0.0551508719   0.0024692129  -0.0069974339  -0.0081067205   0.0059871260
        0.0034535935  -0.0140158928  -0.0325962120  -0.0158679922   0.0390311225
       -0.0000790888   0.0001758226   0.0002709060  -0.0000144427  -0.0000954854
       -0.0003145461   0.0723509569   0.0421957314  -0.0704319109  -0.0001191616
       -0.0000669401  -0.0000601011   0.0003056901  -0.0000545149  -0.0007819244
        0.0002379626   0.0024032722  -0.0045742810  -0.0332206459  -0.0531357024
        0.0774905230  -0.0042767389   0.0099748870   0.0105593203   0.0040298100
        0.0014652725  -0.0011179871  -0.0100579161  -0.0145177218  -0.0021510825
        0.0003767073   0.0003199207  -0.0002623112   0.0001337007  -0.0000314040
        0.0006346397   0.0421957314   0.0532055392  -0.0802404857   0.0005645439
        0.0001022131  -0.0009864160   0.0000168450   0.0002137234   0.0006480807
       -0.0054284656   0.0023330450  -0.0008102888   0.0592896778   0.0644456816
       -0.1967407204  -0.0006162093   0.0013381342   0.0040403395  -0.0016035147
        0.0030986835  -0.0422403002   0.0178954197   0.0091285456  -0.0083383647
       -0.0000532842  -0.0000865140  -0.0001088157   0.0000355563  -0.0000537440
        0.0000115876  -0.0704319109  -0.0802404857   0.2452846480   0.0005043442
       -0.0000797798  -0.0007214501   0.0004083866   0.0001164336  -0.0003766353
       -0.0472778832   0.0383775893  -0.0251738055  -0.0014817627  -0.0010785187
       -0.0005729060  -0.0132442417   0.0260092220  -0.0138532001   0.0006544306
       -0.0126295680   0.0168581363   0.0011541274  -0.0003953658   0.0007123591
        0.0005530451   0.0012641288  -0.0000627668  -0.0052679312   0.0002212788
       -0.0027718680  -0.0001191616   0.0005645439   0.0005043442   0.0620917540
       -0.0436168201   0.0212072994   0.0029376232  -0.0087164903   0.0031524073
        0.0401810489  -0.2136385093   0.0892078236   0.0002531610  -0.0008952930
       -0.0012026190   0.0049975290  -0.0048891140   0.0020345330  -0.0052249056
        0.0032314420   0.0090665519  -0.0008793688   0.0002305542   0.0004503952
       -0.0007876778   0.0008460102  -0.0009248103   0.0006674317   0.0014763553
        0.0008618956  -0.0000669401   0.0001022131  -0.0000797798  -0.0436168201
        0.2395881811  -0.1090437506   0.0044765417  -0.0260518397   0.0096297605
       -0.0272775648   0.0876909044  -0.0862088777   0.0028288670   0.0023981814
       -0.0011023511  -0.0040581585   0.0089356778  -0.0029186256   0.0058056348
        0.0230662312  -0.0303670458  -0.0000420406   0.0000162188   0.0012206337
        0.0009155957  -0.0003954070   0.0002152981  -0.0015071267   0.0002334425
        0.0007106432  -0.0000601011  -0.0009864160  -0.0007214501   0.0212072994
       -0.1090437506   0.1120775378   0.0021875948  -0.0119150824   0.0070942374
       -0.0559233415  -0.0624146181  -0.0466816137  -0.0018412019   0.0001310958
       -0.0006136611  -0.0178719605  -0.0203232544  -0.0167651152   0.0031619051
        0.0111033677   0.0175423633  -0.0037537218  -0.0004965381   0.0001844907
       -0.0025482198  -0.0002718152  -0.0015756015   0.0010402361  -0.0002596252
        0.0006814372   0.0003056901   0.0000168450   0.0004083866   0.0029376232
        0.0044765417   0.0021875948   0.0744929910   0.0680380008   0.0446317191
       -0.0577172696  -0.1895836659  -0.0931601033   0.0009218309  -0.0000399463
        0.0004333153  -0.0045101201   0.0010196946  -0.0018318173   0.0010912348
        0.0001330010  -0.0062322654   0.0001037242   0.0010977528   0.0025474398
        0.0001023709   0.0001124277  -0.0005740062   0.0007412334   0.0009947644
        0.0005315233  -0.0000545149   0.0002137234   0.0001164336  -0.0087164903
       -0.0260518397  -0.0119150824   0.0680380008   0.2121040880   0.1100845627
       -0.0458741856  -0.0889268117  -0.0930704964   0.0022043437  -0.0021984226
       -0.0023343880  -0.0031516525  -0.0064987434  -0.0008083025  -0.0014337048
       -0.0222302377  -0.0309397988   0.0016031586  -0.0002506964  -0.0021781733
       -0.0005569408   0.0000289053  -0.0005350249   0.0002067796  -0.0002863973
        0.0001556071  -0.0007819244   0.0006480807  -0.0003766353   0.0031524073
        0.0096297605   0.0070942374   0.0446317191   0.1100845627   0.1229929748
