$hessian                                                                        
        1.0281836185   0.4234976507  -0.0000031169  -0.8251153472  -0.3541332299
       -0.0000050036   0.0398214189   0.0035308990  -0.0000025124  -0.2428896902
       -0.0728953198   0.0000106328
        0.4234976507   0.1471921753  -0.0000026895  -0.3472237938  -0.1686205713
       -0.0000002143  -0.0392892145  -0.0609079239   0.0000016051  -0.0369846423
        0.0823363199   0.0000012986
       -0.0000031169  -0.0000026895   0.0387121049  -0.0000029503   0.0000001983
       -0.0192926694  -0.0000012790  -0.0000001708   0.0071430852   0.0000073462
        0.0000026620  -0.0265625207
       -0.8251153472  -0.3472237938  -0.0000029503   0.8930120136   0.3201732573
        0.0000031957  -0.0381068098   0.0153094192   0.0000006730  -0.0297898566
        0.0117411174  -0.0000009183
       -0.3541332299  -0.1686205713   0.0000001983   0.3201732573   0.1609795157
        0.0000009509   0.0212263652   0.0256638852  -0.0000000937   0.0127336074
       -0.0180228295  -0.0000010555
       -0.0000050036  -0.0000002143  -0.0192926694   0.0000031957   0.0000009509
        0.0096147470   0.0000002499  -0.0000000111  -0.0035598473   0.0000015580
       -0.0000007255   0.0132377696
        0.0398214189  -0.0392892145  -0.0000012790  -0.0381068098   0.0212263652
        0.0000002499   0.0145740031  -0.0117599552   0.0000008179  -0.0162886123
        0.0298228045   0.0000002112
        0.0035308990  -0.0609079239  -0.0000001708   0.0153094192   0.0256638852
       -0.0000000111  -0.0117599552   0.0619066471  -0.0000006704  -0.0070803630
       -0.0266626084   0.0000008522
       -0.0000025124   0.0000016051   0.0071430852   0.0000006730  -0.0000000937
       -0.0035598473   0.0000008179  -0.0000006704   0.0013180287   0.0000010215
       -0.0000008411  -0.0049012666
       -0.2428896902  -0.0369846423   0.0000073462  -0.0297898566   0.0127336074
        0.0000015580  -0.0162886123  -0.0070803630   0.0000010215   0.2889681590
        0.0313313979  -0.0000099257
       -0.0728953198   0.0823363199   0.0000026620   0.0117411174  -0.0180228295
       -0.0000007255   0.0298228045  -0.0266626084  -0.0000008411   0.0313313979
       -0.0376508819  -0.0000010954
        0.0000106328   0.0000012986  -0.0265625207  -0.0000009183  -0.0000010555
        0.0132377696   0.0000002112   0.0000008522  -0.0049012666  -0.0000099257
       -0.0000010954   0.0182260177
