$hessian                                                                        
        0.4384975739   0.0525487369  -0.0000003261  -0.4772577438  -0.2802937804
        0.0000003708  -0.0763851452   0.0910622463   0.0000000540   0.1151453151
        0.1366827972  -0.0000000987
        0.0525487369   0.3342901942  -0.0000000028  -0.1078370585  -0.0111305236
        0.0000000865   0.0636674674  -0.2256576163  -0.0000000746  -0.0083791457
       -0.0975020542  -0.0000000091
       -0.0000003261  -0.0000000028   0.0100705663   0.0000003316   0.0000001832
        0.0014362071   0.0000000588  -0.0000000814  -0.0056297153  -0.0000000644
       -0.0000000991  -0.0058770581
       -0.4772577438  -0.1078370585   0.0000003316   0.4969510764   0.0806802222
       -0.0000003959  -0.0438288134   0.0349984020   0.0000000596   0.0241354808
       -0.0078415657   0.0000000047
       -0.2802937804  -0.0111305236   0.0000001832   0.0806802222  -0.0121946314
       -0.0000000679   0.0389155547   0.0517120276  -0.0000000084   0.1606980035
       -0.0283868726  -0.0000001070
        0.0000003708   0.0000000865   0.0014362071  -0.0000003959  -0.0000000679
        0.0002048237   0.0000000360  -0.0000000253  -0.0008028781  -0.0000000109
        0.0000000067  -0.0008381527
       -0.0763851452   0.0636674674   0.0000000588  -0.0438288134   0.0389155547
        0.0000000360   0.1252739715  -0.0988003654  -0.0000001017  -0.0050600129
       -0.0037826566   0.0000000069
        0.0910622463  -0.2256576163  -0.0000000814   0.0349984020   0.0517120276
       -0.0000000253  -0.0988003654   0.1866307538   0.0000000869  -0.0272602829
       -0.0126851651   0.0000000198
        0.0000000540  -0.0000000746  -0.0056297153   0.0000000596  -0.0000000084
       -0.0008028781  -0.0000001017   0.0000000869   0.0031471611  -0.0000000118
       -0.0000000040   0.0032854323
        0.1151453151  -0.0083791457  -0.0000000644   0.0241354808   0.1606980035
       -0.0000000109  -0.0050600129  -0.0272602829  -0.0000000118  -0.1342207830
       -0.1250585749   0.0000000871
        0.1366827972  -0.0975020542  -0.0000000991  -0.0078415657  -0.0283868726
        0.0000000067  -0.0037826566  -0.0126851651  -0.0000000040  -0.1250585749
        0.1385740919   0.0000000963
       -0.0000000987  -0.0000000091  -0.0058770581   0.0000000047  -0.0000001070
       -0.0008381527   0.0000000069   0.0000000198   0.0032854323   0.0000000871
        0.0000000963   0.0034297785
