$grad
  cycle =      1    SCF energy =   -11.44519336721   |dE/dxyz| =  0.000002
    1.86540350649100     -1.04907692297500     -0.00000076087400      C 
    1.15052564388800      1.49266308693100     -0.00000077628300      C 
   -2.74048556367200     -0.26015592518700      0.00000065705300      F 
    2.64271493160100     -1.82667371932500      1.72543701197900      H 
    0.81779695877500      2.49992030942300      1.73545267277900      H 
    2.64269869005500     -1.82667742526300     -1.72544411555900      H 
   -0.35219691675400     -1.66659740195600      0.00001239491200      H 
    0.81778150710300      2.49991458006600     -1.73545465464800      H 
   4.6776095606962E-08   5.8147055999699E-07  -1.3319777812171E-07
   4.7220279092232E-07  -1.0120999267621E-06   8.0287152214915E-08
  -1.4409538368096E-06   1.3981410154629E-07  -1.2688085032370E-07
  -1.2677183013587E-07   1.7510063003197E-08  -2.6764695788980E-09
   3.4972900364380E-08  -4.7100901911026E-08   2.1077303831039E-08
  -5.5923158132930E-08   5.4509461083275E-08  -2.1685036151752E-08
   1.1019928132778E-06   3.5700994424853E-07   2.3592792550262E-07
  -3.2295775101774E-08  -9.1113301186165E-08  -5.2852247374566E-08
$end
