$hessian                                                                        
        0.3067881729  -0.2097671121  -0.0001681480  -0.0717156701   0.1309908083
        0.0000235203  -0.0580493606   0.0343030345   0.0000270893  -0.0705789309
        0.0419542654  -0.0804185134   0.0019301799   0.0080661135   0.0014122187
       -0.0707682956   0.0420566689   0.0806227228  -0.0395081461  -0.0556500400
       -0.0000839327   0.0019020506   0.0080462614  -0.0014149570
       -0.2097671121   0.4886784127  -0.0001609304   0.0347474426  -0.3328468063
       -0.0000049366  -0.0130952255   0.0587508709   0.0000483751   0.0503487473
       -0.0686596400   0.0754406208   0.0066534362  -0.0135187390  -0.0009366726
        0.0504856265  -0.0686001148  -0.0753279384   0.0739924497  -0.0502837473
       -0.0000084213   0.0066346353  -0.0135202363   0.0009499034
       -0.0001681480  -0.0001609304   0.5605840034  -0.0000372282   0.0000640675
       -0.0804789161   0.0000019587   0.0000326012   0.0068947436  -0.0847026397
        0.0745794776  -0.2309063153   0.0045601126  -0.0239654187  -0.0001924834
        0.0849198316  -0.0744895902  -0.2306641586  -0.0000109781  -0.0000347334
       -0.0250376671  -0.0045629089   0.0239745264  -0.0001992065
       -0.0717156701   0.0347474426  -0.0000372282   0.0680351207  -0.1442991800
        0.0000396543  -0.0091552428   0.0616949109   0.0000420218   0.0045445988
        0.0146814034  -0.0034899229  -0.0348968511   0.0276313439   0.0390279792
        0.0045603244   0.0147132464   0.0035000205   0.0735504324  -0.0368094736
       -0.0000173210  -0.0349227123   0.0276403065  -0.0390652036
        0.1309908083  -0.3328468063   0.0000640675  -0.1442991800   0.6107351790
        0.0000575307   0.0186131619  -0.0221451473  -0.0000316032  -0.0007271530
       -0.0193996577   0.0056827281   0.0267127282  -0.1035705257  -0.1152253452
       -0.0007602424  -0.0194121687  -0.0056980122  -0.0572579061  -0.0098236791
       -0.0000246902   0.0267277831  -0.1035371942   0.1151753243
        0.0000235203  -0.0000049366  -0.0804789161   0.0000396543   0.0000575307
        0.5760244053   0.0000435115  -0.0000120584  -0.0051897698  -0.0049351768
        0.0267265036  -0.0006219858   0.0389070393  -0.1125018920  -0.2473850967
        0.0049292862  -0.0267083324  -0.0006212805  -0.0000532931  -0.0000250812
        0.0056735275  -0.0389545417   0.1124682663  -0.2474008839
       -0.0580493606  -0.0130952255   0.0000019587  -0.0091552428   0.0186131619
        0.0000435115   0.0803478181  -0.0148477418  -0.0000256500  -0.0011363650
       -0.0005976526   0.0003269215  -0.0023414885  -0.0007929562   0.0000995807
       -0.0011548158  -0.0006103374  -0.0003350594  -0.0061448288   0.0121385717
        0.0000077942  -0.0023657167  -0.0008078201  -0.0001190571
        0.0343030345   0.0587508709   0.0000326012   0.0616949109  -0.0221451473
       -0.0000120584  -0.0148477418  -0.0371313070  -0.0000259042  -0.0055214259
       -0.0025328021   0.0013791450  -0.0038462171  -0.0023936926  -0.0004774040
       -0.0055326093  -0.0025359112  -0.0013877852  -0.0624243085   0.0103717822
        0.0000082267  -0.0038256430  -0.0023837929   0.0004831788
        0.0000270893   0.0000483751   0.0068947436   0.0000420218  -0.0000316032
       -0.0051897698  -0.0000256500  -0.0000259042   0.0060282868   0.0005587147
       -0.0001480166   0.0002889871  -0.0019236407  -0.0004919605   0.0001882709
       -0.0005662075   0.0001430904   0.0002889009  -0.0000336357   0.0000165852
       -0.0086851090   0.0019213081   0.0004894338   0.0001856896
       -0.0705789309   0.0503487473  -0.0847026397   0.0045445988  -0.0007271530
       -0.0049351768  -0.0011363650  -0.0055214259   0.0005587147   0.0784956941
       -0.0484765186   0.0948591379  -0.0028982258  -0.0010549193  -0.0003727656
        0.0039255204  -0.0035487677   0.0085344642  -0.0183488369   0.0072040724
       -0.0146120081   0.0059965454   0.0017759648   0.0006702734
        0.0419542654  -0.0686596400   0.0745794776   0.0146814034  -0.0193996577
        0.0267265036  -0.0005976526  -0.0025328021  -0.0001480166  -0.0484765186
        0.0858124750  -0.0904968825  -0.0019877979   0.0003333706   0.0008688274
       -0.0035396313   0.0037793469  -0.0079887041  -0.0060088770   0.0051153138
       -0.0035853512   0.0039748087  -0.0044484064   0.0000441458
       -0.0804185134   0.0754406208  -0.2309063153  -0.0034899229   0.0056827281
       -0.0006219858   0.0003269215   0.0013791450   0.0002889871   0.0948591379
       -0.0904968825   0.2537791847   0.0008269950  -0.0006167798   0.0014477910
       -0.0085018235   0.0079856712  -0.0224201556  -0.0024120439   0.0010028059
       -0.0027375309  -0.0011907507  -0.0003773087   0.0011700247
        0.0019301799   0.0066534362   0.0045601126  -0.0348968511   0.0267127282
        0.0389070393  -0.0023414885  -0.0038462171  -0.0019236407  -0.0028982258
       -0.0019877979   0.0008269950   0.0291841172  -0.0331035943  -0.0420925146
        0.0059876735   0.0039743396   0.0011995479  -0.0023565806   0.0017692902
        0.0020725390   0.0053911753  -0.0001721849  -0.0035500785
        0.0080661135  -0.0135187390  -0.0239654187   0.0276313439  -0.1035705257
       -0.1125018920  -0.0007929562  -0.0023936926  -0.0004919605  -0.0010549193
        0.0003333706  -0.0006167798  -0.0331035943   0.1169769521   0.1264598107
        0.0017662511  -0.0044496245   0.0003773984  -0.0023410172  -0.0003227147
        0.0003575066  -0.0001712215   0.0069449740   0.0103813354
        0.0014122187  -0.0009366726  -0.0001924834   0.0390279792  -0.1152253452
       -0.2473850967   0.0000995807  -0.0004774040   0.0001882709  -0.0003727656
        0.0008688274   0.0014477910  -0.0420925146   0.1264598107   0.2660998646
       -0.0006750788  -0.0000444419   0.0011667766  -0.0009484385  -0.0002598865
       -0.0002734691   0.0035490190  -0.0103848879  -0.0210516539
       -0.0707682956   0.0504856265   0.0849198316   0.0045603244  -0.0007602424
        0.0049292862  -0.0011548158  -0.0055326093  -0.0005662075   0.0039255204
       -0.0035396313  -0.0085018235   0.0059876735   0.0017662511  -0.0006750788
        0.0787405402  -0.0485816134  -0.0950883787  -0.0183990141   0.0072161569
        0.0146073961  -0.0028919330  -0.0010539381   0.0003749746
        0.0420566689  -0.0686001148  -0.0744895902   0.0147132464  -0.0194121687
       -0.0267083324  -0.0006103374  -0.0025359112   0.0001430904  -0.0035487677
        0.0037793469   0.0079856712   0.0039743396  -0.0044496245  -0.0000444419
       -0.0485816134   0.0857613868   0.0903993850  -0.0060170457   0.0051229521
        0.0035804605  -0.0019864907   0.0003341336  -0.0008662426
        0.0806227228  -0.0753279384  -0.2306641586   0.0035000205  -0.0056980122
       -0.0006212805  -0.0003350594  -0.0013877852   0.0002889009   0.0085344642
       -0.0079887041  -0.0224201556   0.0011995479   0.0003773984   0.0011667766
       -0.0950883787   0.0903993850   0.2535123765   0.0023969562  -0.0009891095
       -0.0027094567  -0.0008302736   0.0006147659   0.0014469975
       -0.0395081461   0.0739924497  -0.0000109781   0.0735504324  -0.0572579061
       -0.0000532931  -0.0061448288  -0.0624243085  -0.0000336357  -0.0183488369
       -0.0060088770  -0.0024120439  -0.0023565806  -0.0023410172  -0.0009484385
       -0.0183990141  -0.0060170457   0.0023969562   0.0135170338   0.0623715222
        0.0000955907  -0.0023100597  -0.0023148175   0.0009658424
       -0.0556500400  -0.0502837473  -0.0000347334  -0.0368094736  -0.0098236791
       -0.0000250812   0.0121385717   0.0103717822   0.0000165852   0.0072040724
        0.0051153138   0.0010028059   0.0017692902  -0.0003227147  -0.0002598865
        0.0072161569   0.0051229521  -0.0009891095   0.0623715222   0.0401477744
        0.0000286275   0.0017599002  -0.0003276813   0.0002607920
       -0.0000839327  -0.0000084213  -0.0250376671  -0.0000173210  -0.0000246902
        0.0056735275   0.0000077942   0.0000082267  -0.0086851090  -0.0146120081
       -0.0035853512  -0.0027375309   0.0020725390   0.0003575066  -0.0002734691
        0.0146073961   0.0035804605  -0.0027094567   0.0000955907   0.0000286275
        0.0340423353  -0.0020700580  -0.0003563587  -0.0002726299
        0.0019020506   0.0066346353  -0.0045629089  -0.0349227123   0.0267277831
       -0.0389545417  -0.0023657167  -0.0038256430   0.0019213081   0.0059965454
        0.0039748087  -0.0011907507   0.0053911753  -0.0001712215   0.0035490190
       -0.0028919330  -0.0019864907  -0.0008302736  -0.0023100597   0.0017599002
       -0.0020700580   0.0292006504  -0.0331137721   0.0421382058
        0.0080462614  -0.0135202363   0.0239745264   0.0276403065  -0.1035371942
        0.1124682663  -0.0008078201  -0.0023837929   0.0004894338   0.0017759648
       -0.0044484064  -0.0003773087  -0.0001721849   0.0069449740  -0.0103848879
       -0.0010539381   0.0003341336   0.0006147659  -0.0023148175  -0.0003276813
       -0.0003563587  -0.0331137721   0.1169382036  -0.1264284370
       -0.0014149570   0.0009499034  -0.0001992065  -0.0390652036   0.1151753243
       -0.2474008839  -0.0001190571   0.0004831788   0.0001856896   0.0006702734
        0.0000441458   0.0011700247  -0.0035500785   0.0103813354  -0.0210516539
        0.0003749746  -0.0008662426   0.0014469975   0.0009658424   0.0002607920
       -0.0002726299   0.0421382058  -0.1264284370   0.2661216623
