$hessian                                                                        
        0.3269790231  -0.1113214696  -0.0052107165  -0.0715253462   0.0342200375
        0.0040082511  -0.0533079221   0.0223704146   0.0104237538  -0.0673656367
       -0.0325293649   0.0148155701  -0.0016161405   0.0085188944   0.0031152189
        0.0049076087  -0.0106775917  -0.0004717694   0.0003385605   0.0008238452
        0.0005091569   0.0006547750   0.0005194265  -0.0042280103  -0.0516278758
        0.0160110964   0.0559899033  -0.0874370461   0.0720647117  -0.0789513580
       -0.1113214696   0.4553584753  -0.0093101588  -0.0071619607   0.0157119965
        0.0003035975  -0.0145986008  -0.1966214452  -0.0318351748  -0.0049501304
       -0.0889498984   0.0051119741   0.0384469129  -0.0010598694   0.0004599493
        0.0035171566  -0.0170306546  -0.0017755375   0.0023474759  -0.0099052103
       -0.0039215834   0.0041618831  -0.0029024186  -0.0010144726   0.0181437176
       -0.0492392248  -0.0411085291   0.0714150154  -0.1053617504   0.0830899353
       -0.0052107165  -0.0093101588   0.5234324978   0.0008307229   0.0068524221
        0.0014707026   0.0115720491  -0.0336798269  -0.0766596568   0.0186967105
        0.0014750383  -0.0517052296  -0.0115451021   0.0012410298  -0.0018374284
        0.0023646070   0.0150622085   0.0036301168  -0.0015280214  -0.0266438822
       -0.0075764667   0.0040196410  -0.0014454402   0.0023067047   0.0551089101
       -0.0390465694  -0.2457557622  -0.0743088007   0.0854951789  -0.1473054784
       -0.0715253462  -0.0071619607   0.0008307229   0.5049567878   0.0390169402
       -0.1568024282  -0.0970271438   0.0014040902  -0.0047611782  -0.1180688602
        0.0795636040   0.0141045740  -0.0375271915  -0.0882092592   0.0414092643
       -0.0020169434   0.0021511135  -0.0018731698  -0.0002674528   0.0004969543
        0.0015959541  -0.1746274464  -0.0287003688   0.1056085552  -0.0017939799
        0.0006565983  -0.0008695364  -0.0021024236   0.0007822883   0.0007572421
        0.0342200375   0.0157119965   0.0068524221   0.0390169402   0.6560844718
       -0.1197304428  -0.0832895470  -0.0071547480  -0.0173585938   0.1246018235
       -0.2187673180  -0.0101091777  -0.0772474013  -0.4094639792   0.1169089817
       -0.0036186324   0.0000829140  -0.0006305761  -0.0006927081  -0.0000056746
       -0.0004519479  -0.0281267012  -0.0337537344   0.0251556167  -0.0030208081
       -0.0015050918   0.0004809754  -0.0018430031  -0.0012288362  -0.0011172576
        0.0040082511   0.0003035975   0.0014707026  -0.1568024282  -0.1197304428
        0.1896907269   0.0084781729  -0.0049585908   0.0097225014   0.0145665872
        0.0030377044  -0.0373227768   0.0412456386   0.1040804336  -0.0770489564
       -0.0010883979   0.0003363281  -0.0002094961   0.0001059939  -0.0000273110
       -0.0001791927   0.0897060539   0.0168306882  -0.0849010830   0.0022529334
        0.0003797353  -0.0011040936  -0.0024728050  -0.0002521425  -0.0001183325
       -0.0533079221  -0.0145986008   0.0115720491  -0.0970271438  -0.0832895470
        0.0084781729   0.1071102515   0.1288227827  -0.0959271609   0.0200038838
       -0.0504646276  -0.0151235720   0.0871028849   0.0736843083  -0.0115465822
       -0.0600410917  -0.0739311137   0.0805115629  -0.0177712252  -0.0052973527
        0.0069511008   0.0095913020   0.0059087349   0.0135449905   0.0012875641
        0.0054984884   0.0005721886   0.0030514966   0.0136669275   0.0009672502
        0.0223704146  -0.1966214452  -0.0336798269   0.0014040902  -0.0071547480
       -0.0049585908   0.1288227827   0.4926217910  -0.0039808542  -0.0494355502
       -0.0199539185  -0.0006120147  -0.0102517023  -0.0219664090   0.0050537345
       -0.0792132951  -0.1482028209   0.1180606594  -0.0092270012  -0.0616068573
       -0.0741555615  -0.0010016764  -0.0004748748  -0.0003753980  -0.0013793771
       -0.0120352608  -0.0065254822  -0.0020886852  -0.0246054565   0.0011733344
        0.0104237538  -0.0318351748  -0.0766596568  -0.0047611782  -0.0173585938
        0.0097225014  -0.0959271609  -0.0039808542   0.5611002108  -0.0009759867
       -0.0035333704  -0.0023798053   0.0058633474   0.0207397923  -0.0295910173
        0.0813019727   0.1168141546  -0.1702701238   0.0018452495  -0.0708644439
       -0.2942951861   0.0032466628   0.0031506497   0.0078159297   0.0007807693
       -0.0292345299  -0.0096372983  -0.0017974297   0.0161023704   0.0041944456
       -0.0673656367  -0.0049501304   0.0186967105  -0.1180688602   0.1246018235
        0.0145665872   0.0200038838  -0.0494355502  -0.0009759867   0.3128995924
       -0.0726789178  -0.0466217278  -0.0417334994  -0.0017439253  -0.0033477935
       -0.0070266202  -0.0018282432  -0.0019255159   0.0000230118  -0.0004992061
       -0.0011941992  -0.0334480791   0.0230308456   0.0107048107  -0.0281084036
       -0.0083534547   0.0128325198  -0.0371753888  -0.0081432414  -0.0027354052
       -0.0325293649  -0.0889498984   0.0014750383   0.0795636040  -0.2187673180
        0.0030377044  -0.0504646276  -0.0199539185  -0.0035333704  -0.0726789178
        0.4127070252  -0.0078534029   0.0519537138  -0.0916629267   0.0130910663
        0.0016236697  -0.0035892711  -0.0023953393  -0.0010896195   0.0003601179
        0.0009264939   0.0107026237   0.0010883839  -0.0066206501   0.0000342384
        0.0032329523   0.0027328992   0.0128846802   0.0055348533  -0.0008604394
        0.0148155701   0.0051119741  -0.0517052296   0.0141045740  -0.0101091777
       -0.0373227768  -0.0151235720  -0.0006120147  -0.0023798053  -0.0466217278
       -0.0078534029   0.0676063897   0.0072197405   0.0174461663   0.0232445119
        0.0000995967   0.0001018475   0.0000577219   0.0006031414   0.0003421733
        0.0003847837   0.0117983203  -0.0087209274  -0.0031859024   0.0294136801
        0.0074534569  -0.0003997063  -0.0163093233  -0.0031600954   0.0037000131
       -0.0016161405   0.0384469129  -0.0115451021  -0.0375271915  -0.0772474013
        0.0412456386   0.0871028849  -0.0102517023   0.0058633474  -0.0417334994
        0.0519537138   0.0072197405   0.0323546035   0.0365095383  -0.0357931354
       -0.0072006923  -0.0013500922   0.0002542861  -0.0075092875  -0.0000659213
       -0.0045279920  -0.0217824601  -0.0371268827  -0.0059071786   0.0007780467
       -0.0000503766   0.0001851418  -0.0028662638  -0.0008177886   0.0030052537
        0.0085188944  -0.0010598694   0.0012410298  -0.0882092592  -0.4094639792
        0.1040804336   0.0736843083  -0.0219664090   0.0207397923  -0.0017439253
       -0.0916629267   0.0174461663   0.0365095383   0.5494448164  -0.1561290885
       -0.0066606732   0.0000140673  -0.0004334872  -0.0000220942  -0.0000344995
       -0.0003827738  -0.0202867530  -0.0231687271   0.0135070894  -0.0001416311
        0.0009043576   0.0008973197  -0.0016484052  -0.0030068304  -0.0009664816
        0.0031152189   0.0004599493  -0.0018374284   0.0414092643   0.1169089817
       -0.0770489564  -0.0115465822   0.0050537345  -0.0295910173  -0.0033477935
        0.0130910663   0.0232445119  -0.0357931354  -0.1561290885   0.0951991100
        0.0058876531  -0.0011319024   0.0015189669  -0.0108762383   0.0008200579
       -0.0012400724   0.0110064091   0.0201909467  -0.0108417345   0.0000416330
        0.0005595825   0.0002674961   0.0001035710   0.0001766719   0.0003291239
        0.0049076087   0.0035171566   0.0023646070  -0.0020169434  -0.0036186324
       -0.0010883979  -0.0600410917  -0.0792132951   0.0813019727  -0.0070266202
        0.0016236697   0.0000995967  -0.0072006923  -0.0066606732   0.0058876531
        0.0703585418   0.0838368429  -0.0875922625   0.0014422337  -0.0003913399
        0.0004558734  -0.0002995155  -0.0003003198  -0.0003972690  -0.0002036721
        0.0000729945  -0.0005656845   0.0000801510   0.0011335967  -0.0004660891
       -0.0106775917  -0.0170306546   0.0150622085   0.0021511135   0.0000829140
        0.0003363281  -0.0739311137  -0.1482028209   0.1168141546  -0.0018282432
       -0.0035892711   0.0001018475  -0.0013500922   0.0000140673  -0.0011319024
        0.0838368429   0.1664082553  -0.1271267535   0.0024397987   0.0047259983
       -0.0044348859   0.0000139848   0.0000415706  -0.0003165338  -0.0004599952
        0.0008168564   0.0011235865  -0.0001947038  -0.0032669153  -0.0004280495
       -0.0004717694  -0.0017755375   0.0036301168  -0.0018731698  -0.0006305761
       -0.0002094961   0.0805115629   0.1180606594  -0.1702701238  -0.0019255159
       -0.0023953393   0.0000577219   0.0002542861  -0.0004334872   0.0015189669
       -0.0875922625  -0.1271267535   0.1831233460   0.0114185245   0.0161587255
       -0.0195426517  -0.0000318418  -0.0001744127   0.0002658043  -0.0005011673
       -0.0012161406   0.0011615471   0.0002113533  -0.0004671380   0.0002647685
        0.0003385605   0.0023474759  -0.0015280214  -0.0002674528  -0.0006927081
        0.0001059939  -0.0177712252  -0.0092270012   0.0018452495   0.0000230118
       -0.0010896195   0.0006031414  -0.0075092875  -0.0000220942  -0.0108762383
        0.0014422337   0.0024397987   0.0114185245   0.0221717697   0.0055441971
       -0.0035513530   0.0001404375   0.0001865617   0.0005219360   0.0014901961
        0.0008997226   0.0009441828  -0.0000582436  -0.0003863330   0.0005165845
        0.0008238452  -0.0099052103  -0.0266438822   0.0004969543  -0.0000056746
       -0.0000273110  -0.0052973527  -0.0616068573  -0.0708644439  -0.0004992061
        0.0003601179   0.0003421733  -0.0000659213  -0.0000344995   0.0008200579
       -0.0003913399   0.0047259983   0.0161587255   0.0055441971   0.0705847262
        0.0831925137  -0.0000976422  -0.0000592185  -0.0002568081  -0.0004301454
       -0.0053843817  -0.0017836964  -0.0000833890   0.0013249994  -0.0009373288
        0.0005091569  -0.0039215834  -0.0075764667   0.0015959541  -0.0004519479
       -0.0001791927   0.0069511008  -0.0741555615  -0.2942951861  -0.0011941992
        0.0009264939   0.0003847837  -0.0045279920  -0.0003827738  -0.0012400724
        0.0004558734  -0.0044348859  -0.0195426517  -0.0035513530   0.0831925137
        0.3206058145  -0.0001129863   0.0000823888  -0.0002127542  -0.0000109808
       -0.0014177575   0.0009909682  -0.0001145740   0.0005631136   0.0010647574
        0.0006547750   0.0041618831   0.0040196410  -0.1746274464  -0.0281267012
        0.0897060539   0.0095913020  -0.0010016764   0.0032466628  -0.0334480791
        0.0107026237   0.0117983203  -0.0217824601  -0.0202867530   0.0110064091
       -0.0002995155   0.0000139848  -0.0000318418   0.0001404375  -0.0000976422
       -0.0001129863   0.2208596399   0.0353197926  -0.1198566871  -0.0011429725
       -0.0004383642   0.0000839248   0.0000543192  -0.0002471473   0.0001405034
        0.0005194265  -0.0029024186  -0.0014454402  -0.0287003688  -0.0337537344
        0.0168306882   0.0059087349  -0.0004748748   0.0031506497   0.0230308456
        0.0010883839  -0.0087209274  -0.0371268827  -0.0231687271   0.0201909467
       -0.0003003198   0.0000415706  -0.0001744127   0.0001865617  -0.0000592185
        0.0000823888   0.0353197926   0.0590181094  -0.0297428091   0.0006187474
        0.0000674993  -0.0000566068   0.0005434627   0.0001434102  -0.0001144772
       -0.0042280103  -0.0010144726   0.0023067047   0.1056085552   0.0251556167
       -0.0849010830   0.0135449905  -0.0003753980   0.0078159297   0.0107048107
       -0.0066206501  -0.0031859024  -0.0059071786   0.0135070894  -0.0108417345
       -0.0003972690  -0.0003165338   0.0002658043   0.0005219360  -0.0002568081
       -0.0002127542  -0.1198566871  -0.0297428091   0.0886245844  -0.0006887603
       -0.0002432314   0.0001246323   0.0006976127  -0.0000928030   0.0000038187
       -0.0516278758   0.0181437176   0.0551089101  -0.0017939799  -0.0030208081
        0.0022529334   0.0012875641  -0.0013793771   0.0007807693  -0.0281084036
        0.0000342384   0.0294136801   0.0007780467  -0.0001416311   0.0000416330
       -0.0002036721  -0.0004599952  -0.0005011673   0.0014901961  -0.0004301454
       -0.0000109808  -0.0011429725   0.0006187474  -0.0006887603   0.0745991895
       -0.0115187101  -0.0727302846   0.0047219075  -0.0018460364  -0.0136667329
        0.0160110964  -0.0492392248  -0.0390465694   0.0006565983  -0.0015050918
        0.0003797353   0.0054984884  -0.0120352608  -0.0292345299  -0.0083534547
        0.0032329523   0.0074534569  -0.0000503766   0.0009043576   0.0005595825
        0.0000729945   0.0008168564  -0.0012161406   0.0008997226  -0.0053843817
       -0.0014177575  -0.0004383642   0.0000674993  -0.0002432314  -0.0115187101
        0.0598567764   0.0467244885  -0.0027779945   0.0032855171   0.0160409655
        0.0559899033  -0.0411085291  -0.2457557622  -0.0008695364   0.0004809754
       -0.0011040936   0.0005721886  -0.0065254822  -0.0096372983   0.0128325198
        0.0027328992  -0.0003997063   0.0001851418   0.0008973197   0.0002674961
       -0.0005656845   0.0011235865   0.0011615471   0.0009441828  -0.0017836964
        0.0009909682   0.0000839248  -0.0000566068   0.0001246323  -0.0727302846
        0.0467244885   0.2784487710   0.0035576443  -0.0024849547  -0.0240965544
       -0.0874370461   0.0714150154  -0.0743088007  -0.0021024236  -0.0018430031
       -0.0024728050   0.0030514966  -0.0020886852  -0.0017974297  -0.0371753888
        0.0128846802  -0.0163093233  -0.0028662638  -0.0016484052   0.0001035710
        0.0000801510  -0.0001947038   0.0002113533  -0.0000582436  -0.0000833890
       -0.0001145740   0.0000543192   0.0005434627   0.0006976127   0.0047219075
       -0.0027779945   0.0035576443   0.1217314916  -0.0762069775   0.0904327512
        0.0720647117  -0.1053617504   0.0854951789   0.0007822883  -0.0012288362
       -0.0002521425   0.0136669275  -0.0246054565   0.0161023704  -0.0081432414
        0.0055348533  -0.0031600954  -0.0008177886  -0.0030068304   0.0001766719
        0.0011335967  -0.0032669153  -0.0004671380  -0.0003863330   0.0013249994
        0.0005631136  -0.0002471473   0.0001434102  -0.0000928030  -0.0018460364
        0.0032855171  -0.0024849547  -0.0762069775   0.1271810090  -0.0958802012
       -0.0789513580   0.0830899353  -0.1473054784   0.0007572421  -0.0011172576
       -0.0001183325   0.0009672502   0.0011733344   0.0041944456  -0.0027354052
       -0.0008604394   0.0037000131   0.0030052537  -0.0009664816   0.0003291239
       -0.0004660891  -0.0004280495   0.0002647685   0.0005165845  -0.0009373288
        0.0010647574   0.0001405034  -0.0001144772   0.0000038187  -0.0136667329
        0.0160409655  -0.0240965544   0.0904327512  -0.0958802012   0.1619634381
