$hessian                                                                        
        0.6728245250  -0.0875398374  -0.0687906394  -0.3128540547   0.1359704762
        0.0224355435  -0.1072781497   0.0202097012   0.0101161092  -0.2194024906
       -0.0957822174   0.0613040639  -0.0010323155   0.0006091690   0.0014417611
       -0.0391153575   0.0273729107  -0.0263967296   0.0068578431  -0.0008402023
       -0.0001101087
       -0.0875398374   0.3238605796  -0.1767599157   0.0757260012  -0.1675278172
        0.0077240834  -0.0425277109   0.0860616974   0.0039446667  -0.0947119278
       -0.1024929677   0.0214421839   0.0178664030  -0.0089685322   0.0076435766
        0.0459083286  -0.1121387390   0.1649615772   0.0852787433  -0.0187942210
       -0.0289561721
       -0.0687906394  -0.1767599157   0.2494495108  -0.0065870944  -0.0037689000
       -0.0461697035   0.0234854211   0.0167272309   0.0221966379   0.0695378642
        0.0381043295  -0.0519711467  -0.0021351919   0.0008131223   0.0069184914
       -0.0272061079   0.1310144764  -0.1525502943   0.0116957483  -0.0061303433
       -0.0278734955
       -0.3128540547   0.0757260012  -0.0065870944   0.6128375840  -0.0326859800
        0.0025158686  -0.3601470552  -0.0998445473  -0.0076855090  -0.0234312634
       -0.0026243363  -0.0102673769  -0.0558358550   0.0477558158   0.0199987806
       -0.0004115339   0.0365484879   0.0306943027   0.1398421783  -0.0248754413
       -0.0286689715
        0.1359704762  -0.1675278172  -0.0037689000  -0.0326859800   0.7064875297
        0.0368432596  -0.1869960801  -0.1934117316  -0.0024797928  -0.0152379646
        0.0065591798   0.0041172219   0.0464231574  -0.2714259606  -0.0125231673
        0.0162846335  -0.0157560201  -0.0002931200   0.0362417575  -0.0649251800
       -0.0218955013
        0.0224355435   0.0077240834  -0.0461697035   0.0025158686   0.0368432596
        0.1414910415  -0.0113173319  -0.0241119925  -0.0490649268   0.0043143657
       -0.0066708346  -0.0053137195   0.0050298633  -0.0106860067  -0.0465509203
       -0.0161476075   0.0087756803  -0.0016049428  -0.0068307017  -0.0118741896
        0.0072131714
       -0.1072781497  -0.0425277109   0.0234854211  -0.3601470552  -0.1869960801
       -0.0113173319   0.4857096345   0.2294579366   0.0221326420  -0.0146223650
       -0.0021239030  -0.0083499774   0.0041163907  -0.0030522701  -0.0112710265
        0.0049979523  -0.0064737545   0.0002883385  -0.0127764077   0.0117157818
       -0.0149680658
        0.0202097012   0.0860616974   0.0167272309  -0.0998445473  -0.1934117316
       -0.0241119925   0.2294579366   0.1359436956   0.0010145676   0.0053153836
        0.0147549971   0.0130211568  -0.0289037638  -0.0325168400  -0.0135746113
       -0.0073057024  -0.0226199642  -0.0265905109  -0.1189290079   0.0117881458
        0.0335141593
        0.0101161092   0.0039446667   0.0221966379  -0.0076855090  -0.0024797928
       -0.0490649268   0.0221326420   0.0010145676   0.0375975852   0.0025159090
        0.0059557966   0.0107025945  -0.0030794537  -0.0034953412   0.0027842076
       -0.0007807223  -0.0048857049  -0.0042409885  -0.0232189751  -0.0000541919
       -0.0199751099
       -0.2194024906  -0.0947119278   0.0695378642  -0.0234312634  -0.0152379646
        0.0043143657  -0.0146223650   0.0053153836   0.0025159090   0.2525849851
        0.1034599374  -0.0770635285  -0.0000169126   0.0000004968   0.0000686467
        0.0013134828  -0.0001288179   0.0009419301   0.0035745637   0.0013028925
       -0.0003151870
       -0.0957822174  -0.1024929677   0.0381043295  -0.0026243363   0.0065591798
       -0.0066708346  -0.0021239030   0.0147549971   0.0059557966   0.1034599374
        0.0939364984  -0.0487678170   0.0001465748   0.0002084721   0.0005658749
       -0.0183130008  -0.0104586214   0.0095094733   0.0152369453  -0.0025075582
        0.0013031773
        0.0613040639   0.0214421839  -0.0519711467  -0.0102673769   0.0041172219
       -0.0053137195  -0.0083499774   0.0130211568   0.0107025945  -0.0770635285
       -0.0487678170   0.0536802393  -0.0003807155   0.0000464109   0.0004980892
        0.0175386823   0.0135276109  -0.0064604145   0.0172188522  -0.0033867675
       -0.0011356422
       -0.0010323155   0.0178664030  -0.0021351919  -0.0558358550   0.0464231574
        0.0050298633   0.0041163907  -0.0289037638  -0.0030794537  -0.0000169126
        0.0001465748  -0.0003807155   0.0558453914  -0.0407278437  -0.0014905906
       -0.0011019711   0.0032645228   0.0021207210  -0.0019747279   0.0019309496
       -0.0000646326
        0.0006091690  -0.0089685322   0.0008131223   0.0477558158  -0.2714259606
       -0.0106860067  -0.0030522701  -0.0325168400  -0.0034953412   0.0000004968
        0.0002084721   0.0000464109  -0.0407278437   0.3199444676   0.0155015566
       -0.0001228302  -0.0014457004  -0.0018176204  -0.0044625376  -0.0057959065
       -0.0003621216
        0.0014417611   0.0076435766   0.0069184914   0.0199987806  -0.0125231673
       -0.0465509203  -0.0112710265  -0.0135746113   0.0027842076   0.0000686467
        0.0005658749   0.0004980892  -0.0014905906   0.0155015566   0.0242759004
        0.0010503841  -0.0005308725   0.0010750803  -0.0097979553   0.0029176430
        0.0109991514
       -0.0391153575   0.0459083286  -0.0272061079  -0.0004115339   0.0162846335
       -0.0161476075   0.0049979523  -0.0073057024  -0.0007807223   0.0013134828
       -0.0183130008   0.0175386823  -0.0011019711  -0.0001228302   0.0010503841
        0.0537859334  -0.0343688687   0.0302119603  -0.0194685060  -0.0020825601
       -0.0046665890
        0.0273729107  -0.1121387390   0.1310144764   0.0365484879  -0.0157560201
        0.0087756803  -0.0064737545  -0.0226199642  -0.0048857049  -0.0001288179
       -0.0104586214   0.0135276109   0.0032645228  -0.0014457004  -0.0005308725
       -0.0343688687   0.1565646040  -0.1506472018  -0.0262144804   0.0058544411
        0.0027460117
       -0.0263967296   0.1649615772  -0.1525502943   0.0306943027  -0.0002931200
       -0.0016049428   0.0002883385  -0.0265905109  -0.0042409885   0.0009419301
        0.0095094733  -0.0064604145   0.0021207210  -0.0018176204   0.0010750803
        0.0302119603  -0.1506472018   0.1669227534  -0.0378605230   0.0048774025
       -0.0031411937
        0.0068578431   0.0852787433   0.0116957483   0.1398421783   0.0362417575
       -0.0068307017  -0.0127764077  -0.1189290079  -0.0232189751   0.0035745637
        0.0152369453   0.0172188522  -0.0019747279  -0.0044625376  -0.0097979553
       -0.0194685060  -0.0262144804  -0.0378605230  -0.1160549435   0.0128485798
        0.0487935546
       -0.0008402023  -0.0187942210  -0.0061303433  -0.0248754413  -0.0649251800
       -0.0118741896   0.0117157818   0.0117881458  -0.0000541919   0.0013028925
       -0.0025075582  -0.0033867675   0.0019309496  -0.0057959065   0.0029176430
       -0.0020825601   0.0058544411   0.0048774025   0.0128485798   0.0743802788
        0.0136504469
       -0.0001101087  -0.0289561721  -0.0278734955  -0.0286689715  -0.0218955013
        0.0072131714  -0.0149680658   0.0335141593  -0.0199751099  -0.0003151870
        0.0013031773  -0.0011356422  -0.0000646326  -0.0003621216   0.0109991514
       -0.0046665890   0.0027460117  -0.0031411937   0.0487935546   0.0136504469
        0.0339131186
