$grad
  cycle =      1    SCF energy =   -11.44519321017   |dE/dxyz| =  0.000155
    1.86625023709566     -1.04839958983268      0.00008980163023      C 
    1.15010080515924      1.49285493982462     -0.00001606874640      C 
   -2.74025164504068     -0.26085289488308      0.00004970482579      F 
    2.64212082238411     -1.82639521641105      1.72595642353593      H 
    0.81493708014244      2.49957352180473      1.73529238824820      H 
    2.64447282544791     -1.82614424878925     -1.72486301267719      H 
   -0.35196643744203     -1.66535899189467     -0.00182700944759      H 
    0.81458481272312      2.49927077908176     -1.73543719200797      H 
  -6.3663446876904E-06  -4.1078459246859E-05   2.0512334914359E-05
   2.7409149508995E-05   1.9700089424425E-06  -7.4121266308896E-06
   4.0757417453512E-06   7.6282642115002E-05   1.5065522410176E-05
  -1.2685177220191E-05  -8.9804402574340E-06  -2.5571277248781E-06
  -4.1480802742195E-05  -3.4028279103652E-06  -4.8356551801169E-06
   4.1965452004508E-06  -1.1386750218041E-05   5.4732041565560E-06
   8.7790820172410E-05  -4.9717775671865E-06  -3.1788083652648E-05
  -6.2939931977142E-05  -8.4323958575622E-06   5.5419317074499E-06
$end
