$hessian                                                                        
        0.3067881741  -0.2097671122  -0.0001673844  -0.0717156703   0.1309908085
        0.0000240021  -0.0580493613   0.0343030341   0.0000279928  -0.0705790943
        0.0419543046  -0.0804186049   0.0019300158   0.0080661531   0.0014118564
       -0.0707681328   0.0420566296   0.0806226320  -0.0395081456  -0.0556500397
       -0.0000851746   0.0019022145   0.0080462220  -0.0014153194
       -0.2097671122   0.4886784123  -0.0001611860   0.0347474445  -0.3328468070
       -0.0000065382  -0.0130952272   0.0587508711   0.0000464362   0.0503494231
       -0.0686596702   0.0754407629   0.0066541151  -0.0135187689  -0.0009357389
        0.0504849514  -0.0686000849  -0.0753277960   0.0739924498  -0.0502837467
       -0.0000067768   0.0066339555  -0.0135202056   0.0009508368
       -0.0001673844  -0.0001611860   0.5605775322  -0.0000366421   0.0000677212
       -0.0804763110   0.0000076034   0.0000306105   0.0068963042  -0.0847027527
        0.0745797650  -0.2309036705   0.0045599461  -0.0239646218  -0.0001928555
        0.0849191549  -0.0744899736  -0.2306616436  -0.0000169674  -0.0000361237
       -0.0250400876  -0.0045629579   0.0239738084  -0.0001992682
       -0.0717156703   0.0347474445  -0.0000366421   0.0680351225  -0.1442991829
        0.0000385270  -0.0091552443   0.0616949111   0.0000415001   0.0045449033
        0.0146813689  -0.0034898859  -0.0348965455   0.0276313101   0.0390284246
        0.0045600202   0.0147132801   0.0035000576   0.0735504331  -0.0368094729
       -0.0000172222  -0.0349230190   0.0276403412  -0.0390647591
        0.1309908085  -0.3328468070   0.0000677212  -0.1442991829   0.6107351796
        0.0000618284   0.0186131636  -0.0221451474  -0.0000250875  -0.0007287779
       -0.0193994485   0.0056821223   0.0267110956  -0.1035703165  -0.1152281937
       -0.0007586191  -0.0194123761  -0.0056986168  -0.0572579053  -0.0098236801
       -0.0000322496   0.0267294174  -0.1035374040   0.1151724757
        0.0000240021  -0.0000065382  -0.0804763110   0.0000385270   0.0000618284
        0.5760172952   0.0000498448  -0.0000131446  -0.0051892015  -0.0049356645
        0.0267258000  -0.0006222542   0.0389065363  -0.1125020793  -0.2473830823
        0.0049294237  -0.0267076782  -0.0006214054  -0.0000585710  -0.0000267179
        0.0056738083  -0.0389540984   0.1124685297  -0.2473988491
       -0.0580493613  -0.0130952272   0.0000076034  -0.0091552443   0.0186131636
        0.0000498448   0.0803478199  -0.0148477417  -0.0000168359  -0.0011383446
       -0.0005972487   0.0003260235  -0.0023434778  -0.0007925513   0.0000955762
       -0.0011528381  -0.0006107395  -0.0003359557  -0.0061448278   0.0121385707
       -0.0000031948  -0.0023637259  -0.0008082259  -0.0001230614
        0.0343030341   0.0587508711   0.0000306105   0.0616949111  -0.0221451474
       -0.0000131446  -0.0148477417  -0.0371313071  -0.0000282313  -0.0055209947
       -0.0025328831   0.0013793786  -0.0038457836  -0.0023937741  -0.0004765108
       -0.0055330401  -0.0025358302  -0.0013875523  -0.0624243086   0.0103717823
        0.0000113779  -0.0038260764  -0.0023837114   0.0004840720
        0.0000279928   0.0000464362   0.0068963042   0.0000415001  -0.0000250875
       -0.0051892015  -0.0000168359  -0.0000282313   0.0060282909   0.0005580510
       -0.0001478111   0.0002882411  -0.0019237036  -0.0004922786   0.0001875315
       -0.0005663147   0.0001429669   0.0002881690  -0.0000420060   0.0000143420
       -0.0086849526   0.0019213164   0.0004896635   0.0001856174
       -0.0705790943   0.0503494231  -0.0847027527   0.0045449033  -0.0007287779
       -0.0049356645  -0.0011383446  -0.0055209947   0.0005580510   0.0784958900
       -0.0484766640   0.0948590878  -0.0028981510  -0.0010549133  -0.0003724150
        0.0039254282  -0.0035486821   0.0085343942  -0.0183470679   0.0072045887
       -0.0146111127   0.0059964363   0.0017760203   0.0006704120
        0.0419543046  -0.0686596702   0.0745797650   0.0146813689  -0.0193994485
        0.0267258000  -0.0005972487  -0.0025328831  -0.0001478111  -0.0484766640
        0.0858124422  -0.0904969405  -0.0019879127   0.0003333458   0.0008690286
       -0.0035395265   0.0037793604  -0.0079887515  -0.0060092260   0.0051152130
       -0.0035854038   0.0039749043  -0.0044483596   0.0000443133
       -0.0804186049   0.0754407629  -0.2309036705  -0.0034898859   0.0056821223
       -0.0006222542   0.0003260235   0.0013793786   0.0002882411   0.0948590878
       -0.0904969405   0.2537780390   0.0008270908  -0.0006171307   0.0014476243
       -0.0085016936   0.0079857421  -0.0224212914  -0.0024111916   0.0010030348
       -0.0027365136  -0.0011908260  -0.0003769694   0.0011698253
        0.0019300158   0.0066541151   0.0045599461  -0.0348965455   0.0267110956
        0.0389065363  -0.0023434778  -0.0038457836  -0.0019237036  -0.0028981510
       -0.0019879127   0.0008270908   0.0291840701  -0.0331035569  -0.0420922237
        0.0059877026   0.0039743944   0.0011996242  -0.0023548025   0.0017698088
        0.0020727303   0.0053911882  -0.0001721608  -0.0035500004
        0.0080661531  -0.0135187689  -0.0239646218   0.0276313101  -0.1035703165
       -0.1125020793  -0.0007925513  -0.0023937741  -0.0004922786  -0.0010549133
        0.0003333458  -0.0006171307  -0.0331035569   0.1169769350   0.1264598619
        0.0017662043  -0.0044496189   0.0003770583  -0.0023413673  -0.0003228156
        0.0003578375  -0.0001712786   0.0069450131   0.0103813528
        0.0014118564  -0.0009357389  -0.0001928555   0.0390284246  -0.1152281937
       -0.2473830823   0.0000955762  -0.0004765108   0.0001875315  -0.0003724150
        0.0008690286   0.0014476243  -0.0420922237   0.1264598619   0.2660994378
       -0.0006751388  -0.0000446464   0.0011665719  -0.0009448398  -0.0002588596
       -0.0002729744   0.0035487602  -0.0103849411  -0.0210522533
       -0.0707681328   0.0504849514   0.0849191549   0.0045600202  -0.0007586191
        0.0049294237  -0.0011528381  -0.0055330401  -0.0005663147   0.0039254282
       -0.0035395265  -0.0085016936   0.0059877026   0.0017662043  -0.0006751388
        0.0787405295  -0.0485816583  -0.0950882296  -0.0184007816   0.0072156412
        0.0146076717  -0.0028919278  -0.0010539528   0.0003751265
        0.0420566296  -0.0686000849  -0.0744899736   0.0147132801  -0.0194123761
       -0.0267076782  -0.0006107395  -0.0025358302   0.0001429669  -0.0035486821
        0.0037793604   0.0079857421   0.0039743944  -0.0044496189  -0.0000446464
       -0.0485816583   0.0857613918   0.0903994448  -0.0060166980   0.0051230521
        0.0035805578  -0.0019865261   0.0003341057  -0.0008664133
        0.0806226320  -0.0753277960  -0.2306616436   0.0035000576  -0.0056986168
       -0.0006214054  -0.0003359557  -0.0013875523   0.0002881690   0.0085343942
       -0.0079887515  -0.0224212914   0.0011996242   0.0003770583   0.0011665719
       -0.0950882296   0.0903994448   0.2535112505   0.0023978065  -0.0009888809
       -0.0027084114  -0.0008303293   0.0006150945   0.0014467604
       -0.0395081456   0.0739924498  -0.0000169674   0.0735504331  -0.0572579053
       -0.0000585710  -0.0061448278  -0.0624243086  -0.0000420060  -0.0183470679
       -0.0060092260  -0.0024111916  -0.0023548025  -0.0023413673  -0.0009448398
       -0.0184007816  -0.0060166980   0.0023978065   0.0135170310   0.0623715223
        0.0001063281  -0.0023118386  -0.0023144668   0.0009694411
       -0.0556500397  -0.0502837467  -0.0000361237  -0.0368094729  -0.0098236801
       -0.0000267179   0.0121385707   0.0103717823   0.0000143420   0.0072045887
        0.0051152130   0.0010030348   0.0017698088  -0.0003228156  -0.0002588596
        0.0072156412   0.0051230521  -0.0009888809   0.0623715223   0.0401477752
        0.0000313864   0.0017593810  -0.0003275802   0.0002618190
       -0.0000851746  -0.0000067768  -0.0250400876  -0.0000172222  -0.0000322496
        0.0056738083  -0.0000031948   0.0000113779  -0.0086849526  -0.0146111127
       -0.0035854038  -0.0027365136   0.0020727303   0.0003578375  -0.0002729744
        0.0146076717   0.0035805578  -0.0027084114   0.0001063281   0.0000313864
        0.0340418542  -0.0020700257  -0.0003567294  -0.0002727229
        0.0019022145   0.0066339555  -0.0045629579  -0.0349230190   0.0267294174
       -0.0389540984  -0.0023637259  -0.0038260764   0.0019213164   0.0059964363
        0.0039749043  -0.0011908260   0.0053911882  -0.0001712786   0.0035487602
       -0.0028919278  -0.0019865261  -0.0008303293  -0.0023118386   0.0017593810
       -0.0020700257   0.0292006723  -0.0331137772   0.0421381607
        0.0080462220  -0.0135202056   0.0239738084   0.0276403412  -0.1035374040
        0.1124685297  -0.0008082259  -0.0023837114   0.0004896635   0.0017760203
       -0.0044483596  -0.0003769694  -0.0001721608   0.0069450131  -0.0103849411
       -0.0010539528   0.0003341057   0.0006150945  -0.0023144668  -0.0003275802
       -0.0003567294  -0.0331137772   0.1169381421  -0.1264284562
       -0.0014153194   0.0009508368  -0.0001992682  -0.0390647591   0.1151724757
       -0.2473988491  -0.0001230614   0.0004840720   0.0001856174   0.0006704120
        0.0000443133   0.0011698253  -0.0035500004   0.0103813528  -0.0210522533
        0.0003751265  -0.0008664133   0.0014467604   0.0009694411   0.0002618190
       -0.0002727229   0.0421381607  -0.1264284562   0.2661208903
