$hessian                                                                        
        1.0281839374   0.4234973184  -0.0000145447  -0.8251156121  -0.3541329822
        0.0000006917   0.0398214057   0.0035308604  -0.0000046210  -0.2428897310
       -0.0728951966   0.0000184741
        0.4234973184   0.1471918558  -0.0000080446  -0.3472235465  -0.1686203068
        0.0000024545  -0.0392892526  -0.0609079105   0.0000006170  -0.0369845194
        0.0823363614   0.0000049731
       -0.0000145447  -0.0000080446   0.0387150372   0.0000093190   0.0000070398
       -0.0192941308   0.0000017114  -0.0000092277   0.0071436265   0.0000035144
        0.0000102325  -0.0265645330
       -0.8251156121  -0.3472235465   0.0000093190   0.8930122561   0.3201729814
       -0.0000029189  -0.0381067959   0.0153094433   0.0000029369  -0.0297898481
        0.0117411217  -0.0000093370
       -0.3541329822  -0.1686203068   0.0000070398   0.3201729814   0.1609792742
       -0.0000024587   0.0212263893   0.0256638715   0.0000011687   0.0127336115
       -0.0180228389  -0.0000057498
        0.0000006917   0.0000024545  -0.0192941308  -0.0000029189  -0.0000024587
        0.0096154754  -0.0000012404   0.0000045025  -0.0035601171   0.0000034677
       -0.0000044984   0.0132387725
        0.0398214057  -0.0392892526   0.0000017114  -0.0381067959   0.0212263893
       -0.0000012404   0.0145739942  -0.0117599373   0.0000013697  -0.0162886039
        0.0298228006  -0.0000018406
        0.0035308604  -0.0609079105  -0.0000092277   0.0153094433   0.0256638715
        0.0000045025  -0.0117599373   0.0619066557  -0.0000023415  -0.0070803664
       -0.0266626167   0.0000070667
       -0.0000046210   0.0000006170   0.0071436265   0.0000029369   0.0000011687
       -0.0035601171   0.0000013697  -0.0000023415   0.0013181286   0.0000003144
        0.0000005558  -0.0049016381
       -0.2428897310  -0.0369845194   0.0000035144  -0.0297898481   0.0127336115
        0.0000034677  -0.0162886039  -0.0070803664   0.0000003144   0.2889681830
        0.0313312744  -0.0000072965
       -0.0728951966   0.0823363614   0.0000102325   0.0117411217  -0.0180228389
       -0.0000044984   0.0298228006  -0.0266626167   0.0000005558   0.0313312744
       -0.0376509058  -0.0000062900
        0.0000184741   0.0000049731  -0.0265645330  -0.0000093370  -0.0000057498
        0.0132387725  -0.0000018406   0.0000070667  -0.0049016381  -0.0000072965
       -0.0000062900   0.0182273986
