$hessian                                                                        
        0.0595593498   0.0137601395  -0.0000002652   0.0296738780   0.0068160983
       -0.0000000265   0.0172471610  -0.0027518989  -0.0000001017  -0.1064803888
       -0.0178243390   0.0000003934
        0.0137601395   0.8203409591  -0.0000014612  -0.0322660468  -0.8381884373
        0.0000015258  -0.0111404904  -0.0232211999   0.0000001053   0.0296463977
        0.0410686781  -0.0000001699
       -0.0000002652  -0.0000014612   0.0074026030  -0.0000000352   0.0000014110
       -0.0197799668  -0.0000000397   0.0000000799   0.0102991883   0.0000003400
       -0.0000000297   0.0020781755
        0.0296738780  -0.0322660468  -0.0000000352   0.0955057797   0.0705513288
       -0.0000004888  -0.0528357040  -0.0632018988   0.0000003116  -0.0723439537
        0.0249166168   0.0000002124
        0.0068160983  -0.8381884373   0.0000014110   0.0705513288   1.1641936503
       -0.0000022031  -0.0573785541  -0.3126925914   0.0000007070  -0.0199888731
       -0.0133126216   0.0000000851
       -0.0000000265   0.0000015258  -0.0197799668  -0.0000004888  -0.0000022031
        0.0528526361   0.0000002816   0.0000006869  -0.0275197252   0.0000002337
       -0.0000000096  -0.0055529442
        0.0172471610  -0.0111404904  -0.0000000397  -0.0528357040  -0.0573785541
        0.0000002816   0.0338551439   0.0665509089  -0.0000002328   0.0017333991
        0.0019681356  -0.0000000092
       -0.0027518989  -0.0232211999   0.0000000799  -0.0632018988  -0.3126925914
        0.0000006869   0.0665509089   0.3354893806  -0.0000007765  -0.0005971112
        0.0004244107   0.0000000097
       -0.0000001017   0.0000001053   0.0102991883   0.0000003116   0.0000007070
       -0.0275197252  -0.0000002328  -0.0000007765   0.0143291864   0.0000000229
       -0.0000000358   0.0028913505
       -0.1064803888   0.0296463977   0.0000003400  -0.0723439537  -0.0199888731
        0.0000002337   0.0017333991  -0.0005971112   0.0000000229   0.1770909435
       -0.0090604134  -0.0000005967
       -0.0178243390   0.0410686781  -0.0000000297   0.0249166168  -0.0133126216
       -0.0000000096   0.0019681356   0.0004244107  -0.0000000358  -0.0090604134
       -0.0281804672   0.0000000751
        0.0000003934  -0.0000001699   0.0020781755   0.0000002124   0.0000000851
       -0.0055529442  -0.0000000092   0.0000000097   0.0028913505  -0.0000005967
        0.0000000751   0.0005834182
