$hessian                                                                        
        0.3269790688  -0.1113214973  -0.0052107161  -0.0715253524   0.0342200208
        0.0040082505  -0.0533079242   0.0223704472   0.0104237608  -0.0673656283
       -0.0325293611   0.0148155728  -0.0016161496   0.0085188920   0.0031152189
        0.0049076105  -0.0106775875  -0.0004717683   0.0003385630   0.0008238476
        0.0005091582   0.0006547719   0.0005194259  -0.0042280119  -0.0516278825
        0.0160110957   0.0559899139  -0.0874370772   0.0720647167  -0.0789513787
       -0.1113214973   0.4553584292  -0.0093101576  -0.0071619790   0.0157120017
        0.0003035977  -0.0145985696  -0.1966214432  -0.0318351716  -0.0049501265
       -0.0889499057   0.0051119804   0.0384469117  -0.0010598611   0.0004599490
        0.0035171610  -0.0170306559  -0.0017755370   0.0023474810  -0.0099052087
       -0.0039215829   0.0041618812  -0.0029024178  -0.0010144752   0.0181437181
       -0.0492392187  -0.0411085155   0.0714150193  -0.1053617197   0.0830899127
       -0.0052107161  -0.0093101576   0.5234325040   0.0008307095   0.0068524096
        0.0014707057   0.0115720459  -0.0336798267  -0.0766596586   0.0186967154
        0.0014750374  -0.0517052331  -0.0115450847   0.0012410425  -0.0018374309
        0.0023646036   0.0150622091   0.0036301163  -0.0015280159  -0.0266438815
       -0.0075764666   0.0040196417  -0.0014454384   0.0023067071   0.0551089191
       -0.0390465587  -0.2457557622  -0.0743088185   0.0854951643  -0.1473054817
       -0.0715253524  -0.0071619790   0.0008307095   0.5049567719   0.0390169098
       -0.1568024042  -0.0970271206   0.0014040676  -0.0047611820  -0.1180689046
        0.0795636274   0.0141045574  -0.0375271641  -0.0882091772   0.0414092454
       -0.0020169482   0.0021511169  -0.0018731728  -0.0002674455   0.0004969429
        0.0015959497  -0.1746274293  -0.0287004019   0.1056085544  -0.0017939873
        0.0006566112  -0.0008695617  -0.0021024198   0.0007822823   0.0007573042
        0.0342200208   0.0157120017   0.0068524096   0.0390169098   0.6560844885
       -0.1197304723  -0.0832895617  -0.0071547673  -0.0173585963   0.1246018446
       -0.2187672741  -0.0101091880  -0.0772473271  -0.4094640093   0.1169089949
       -0.0036186317   0.0000829122  -0.0006305796  -0.0006927224  -0.0000056785
       -0.0004519492  -0.0281267184  -0.0337537442   0.0251556445  -0.0030208115
       -0.0015050894   0.0004809658  -0.0018430022  -0.0012288397  -0.0011172293
        0.0040082505   0.0003035977   0.0014707057  -0.1568024042  -0.1197304723
        0.1896907253   0.0084781712  -0.0049585873   0.0097225016   0.0145665882
        0.0030377043  -0.0373227792   0.0412456193   0.1040804411  -0.0770489548
       -0.0010883985   0.0003363274  -0.0002094962   0.0001059967  -0.0000273091
       -0.0001791929   0.0897060471   0.0168307063  -0.0849010821   0.0022529344
        0.0003797340  -0.0011040895  -0.0024728046  -0.0002521421  -0.0001183380
       -0.0533079242  -0.0145985696   0.0115720459  -0.0970271206  -0.0832895617
        0.0084781712   0.1071102001   0.1288226920  -0.0959271676   0.0200039045
       -0.0504646161  -0.0151235859   0.0871028608   0.0736843289  -0.0115465754
       -0.0600410642  -0.0739310902   0.0805115355  -0.0177712104  -0.0052973516
        0.0069511130   0.0095913004   0.0059087352   0.0135449912   0.0012875554
        0.0054985039   0.0005721669   0.0030514982   0.0136669290   0.0009673052
        0.0223704472  -0.1966214432  -0.0336798267   0.0014040676  -0.0071547673
       -0.0049585873   0.1288226920   0.4926218459  -0.0039808768  -0.0494355400
       -0.0199539427  -0.0006120206  -0.0102516701  -0.0219663912   0.0050537326
       -0.0792132748  -0.1482028536   0.1180606764  -0.0092269940  -0.0616068606
       -0.0741555598  -0.0010016727  -0.0004748735  -0.0003753930  -0.0013793750
       -0.0120352601  -0.0065254819  -0.0020886802  -0.0246054537   0.0011733371
        0.0104237608  -0.0318351716  -0.0766596586  -0.0047611820  -0.0173585963
        0.0097225016  -0.0959271676  -0.0039808768   0.5611002059  -0.0009759819
       -0.0035333751  -0.0023798080   0.0058633525   0.0207398000  -0.0295910166
        0.0813019467   0.1168141729  -0.1702701235   0.0018452670  -0.0708644451
       -0.2942951857   0.0032466623   0.0031506499   0.0078159312   0.0007807742
       -0.0292345272  -0.0096373028  -0.0017974320   0.0161023693   0.0041944564
       -0.0673656283  -0.0049501265   0.0186967154  -0.1180689046   0.1246018446
        0.0145665882   0.0200039045  -0.0494355400  -0.0009759819   0.3128996232
       -0.0726789392  -0.0466217170  -0.0417335060  -0.0017439135  -0.0033478000
       -0.0070266169  -0.0018282461  -0.0019255146   0.0000230011  -0.0004992016
       -0.0011941974  -0.0334480845   0.0230308393   0.0107048118  -0.0281083973
       -0.0083534686   0.0128325311  -0.0371753913  -0.0081432485  -0.0027354356
       -0.0325293611  -0.0889499057   0.0014750374   0.0795636274  -0.2187672741
        0.0030377043  -0.0504646161  -0.0199539427  -0.0035333751  -0.0726789392
        0.4127069966  -0.0078534176   0.0519537180  -0.0916629171   0.0130910692
        0.0016236659  -0.0035892678  -0.0023953407  -0.0010896092   0.0003601115
        0.0009264915   0.0107026145   0.0010883890  -0.0066206485   0.0000342267
        0.0032329589   0.0027328875   0.0128846731   0.0055348514  -0.0008604079
        0.0148155728   0.0051119804  -0.0517052331   0.0141045574  -0.0101091880
       -0.0373227792  -0.0151235859  -0.0006120206  -0.0023798080  -0.0466217170
       -0.0078534176   0.0676063987   0.0072197561   0.0174461840   0.0232445104
        0.0000995979   0.0001018484   0.0000577230   0.0006031414   0.0003421713
        0.0003847847   0.0117983236  -0.0087209230  -0.0031859015   0.0294136765
        0.0074534642  -0.0003997106  -0.0163093229  -0.0031600990   0.0037000158
       -0.0016161496   0.0384469117  -0.0115450847  -0.0375271641  -0.0772473271
        0.0412456193   0.0871028608  -0.0102516701   0.0058633525  -0.0417335060
        0.0519537180   0.0072197561   0.0323546068   0.0365094297  -0.0357931114
       -0.0072006856  -0.0013500998   0.0002542901  -0.0075092984  -0.0000659094
       -0.0045279868  -0.0217824520  -0.0371268780  -0.0059071840   0.0007780569
       -0.0000503941   0.0001851748  -0.0028662686  -0.0008177808   0.0030051740
        0.0085188920  -0.0010598611   0.0012410425  -0.0882091772  -0.4094640093
        0.1040804411   0.0736843289  -0.0219663912   0.0207398000  -0.0017439135
       -0.0916629171   0.0174461840   0.0365094297   0.5494448215  -0.1561291020
       -0.0066606729   0.0000140638  -0.0004334835  -0.0000220933  -0.0000344906
       -0.0003827713  -0.0202867618  -0.0231687378   0.0135070828  -0.0001416240
        0.0009043474   0.0008973415  -0.0016484080  -0.0030068255  -0.0009665354
        0.0031152189   0.0004599490  -0.0018374309   0.0414092454   0.1169089949
       -0.0770489548  -0.0115465754   0.0050537326  -0.0295910166  -0.0033478000
        0.0130910692   0.0232445104  -0.0357931114  -0.1561291020   0.0951991105
        0.0058876539  -0.0011319015   0.0015189666  -0.0108762425   0.0008200548
       -0.0012400729   0.0110064077   0.0201909487  -0.0108417350   0.0000416325
        0.0005595831   0.0002674948   0.0001035708   0.0001766712   0.0003291279
        0.0049076105   0.0035171610   0.0023646036  -0.0020169482  -0.0036186317
       -0.0010883985  -0.0600410642  -0.0792132748   0.0813019467  -0.0070266169
        0.0016236659   0.0000995979  -0.0072006856  -0.0066606729   0.0058876539
        0.0703585072   0.0838368224  -0.0875922352   0.0014422338  -0.0003913412
        0.0004558741  -0.0002995152  -0.0003003203  -0.0003972686  -0.0002036721
        0.0000729945  -0.0005656846   0.0000801507   0.0011335971  -0.0004660891
       -0.0106775875  -0.0170306559   0.0150622091   0.0021511169   0.0000829122
        0.0003363274  -0.0739310902  -0.1482028536   0.1168141729  -0.0018282461
       -0.0035892678   0.0001018484  -0.0013500998   0.0000140638  -0.0011319015
        0.0838368224   0.1664082909  -0.1271267719   0.0024397986   0.0047259986
       -0.0044348859   0.0000139842   0.0000415709  -0.0003165347  -0.0004599954
        0.0008168564   0.0011235858  -0.0001947031  -0.0032669155  -0.0004280494
       -0.0004717683  -0.0017755370   0.0036301163  -0.0018731728  -0.0006305796
       -0.0002094962   0.0805115355   0.1180606764  -0.1702701235  -0.0019255146
       -0.0023953407   0.0000577230   0.0002542901  -0.0004334835   0.0015189666
       -0.0875922352  -0.1271267719   0.1831233457   0.0114185205   0.0161587278
       -0.0195426517  -0.0000318414  -0.0001744126   0.0002658046  -0.0005011673
       -0.0012161409   0.0011615466   0.0002113534  -0.0004671380   0.0002647686
        0.0003385630   0.0023474810  -0.0015280159  -0.0002674455  -0.0006927224
        0.0001059967  -0.0177712104  -0.0092269940   0.0018452670   0.0000230011
       -0.0010896092   0.0006031414  -0.0075092984  -0.0000220933  -0.0108762425
        0.0014422338   0.0024397986   0.0114185205   0.0221717674   0.0055441863
       -0.0035513702   0.0001404374   0.0001865626   0.0005219349   0.0014901957
        0.0008997241   0.0009441822  -0.0000582442  -0.0003863337   0.0005165858
        0.0008238476  -0.0099052087  -0.0266438815   0.0004969429  -0.0000056785
       -0.0000273091  -0.0052973516  -0.0616068606  -0.0708644451  -0.0004992016
        0.0003601115   0.0003421713  -0.0000659094  -0.0000344906   0.0008200548
       -0.0003913412   0.0047259986   0.0161587278   0.0055441863   0.0705847294
        0.0831925131  -0.0000976408  -0.0000592183  -0.0002568064  -0.0004301436
       -0.0053843820  -0.0017836963  -0.0000833885   0.0013249992  -0.0009373286
        0.0005091582  -0.0039215829  -0.0075764666   0.0015959497  -0.0004519492
       -0.0001791929   0.0069511130  -0.0741555598  -0.2942951857  -0.0011941974
        0.0009264915   0.0003847847  -0.0045279868  -0.0003827713  -0.0012400729
        0.0004558741  -0.0044348859  -0.0195426517  -0.0035513702   0.0831925131
        0.3206058144  -0.0001129860   0.0000823888  -0.0002127539  -0.0000109805
       -0.0014177577   0.0009909684  -0.0001145741   0.0005631134   0.0010647562
        0.0006547719   0.0041618812   0.0040196417  -0.1746274293  -0.0281267184
        0.0897060471   0.0095913004  -0.0010016727   0.0032466623  -0.0334480845
        0.0107026145   0.0117983236  -0.0217824520  -0.0202867618   0.0110064077
       -0.0002995152   0.0000139842  -0.0000318414   0.0001404374  -0.0000976408
       -0.0001129860   0.2208596240   0.0353198259  -0.1198566813  -0.0011429718
       -0.0004383650   0.0000839270   0.0000543192  -0.0002471469   0.0001404993
        0.0005194259  -0.0029024178  -0.0014454384  -0.0287004019  -0.0337537442
        0.0168307063   0.0059087352  -0.0004748735   0.0031506499   0.0230308393
        0.0010883890  -0.0087209230  -0.0371268780  -0.0231687378   0.0201909487
       -0.0003003203   0.0000415709  -0.0001744126   0.0001865626  -0.0000592183
        0.0000823888   0.0353198259   0.0590181221  -0.0297428342   0.0006187481
        0.0000674994  -0.0000566067   0.0005434633   0.0001434102  -0.0001144787
       -0.0042280119  -0.0010144752   0.0023067071   0.1056085544   0.0251556445
       -0.0849010821   0.0135449912  -0.0003753930   0.0078159312   0.0107048118
       -0.0066206485  -0.0031859015  -0.0059071840   0.0135070828  -0.0108417350
       -0.0003972686  -0.0003165347   0.0002658046   0.0005219349  -0.0002568064
       -0.0002127539  -0.1198566813  -0.0297428342   0.0886245834  -0.0006887586
       -0.0002432331   0.0001246367   0.0006976121  -0.0000928020   0.0000038094
       -0.0516278825   0.0181437181   0.0551089191  -0.0017939873  -0.0030208115
        0.0022529344   0.0012875554  -0.0013793750   0.0007807742  -0.0281083973
        0.0000342267   0.0294136765   0.0007780569  -0.0001416240   0.0000416325
       -0.0002036721  -0.0004599954  -0.0005011673   0.0014901957  -0.0004301436
       -0.0000109805  -0.0011429718   0.0006187481  -0.0006887586   0.0745991944
       -0.0115187073  -0.0727302943   0.0047219086  -0.0018460360  -0.0136667360
        0.0160110957  -0.0492392187  -0.0390465587   0.0006566112  -0.0015050894
        0.0003797340   0.0054985039  -0.0120352601  -0.0292345272  -0.0083534686
        0.0032329589   0.0074534642  -0.0000503941   0.0009043474   0.0005595831
        0.0000729945   0.0008168564  -0.0012161409   0.0008997241  -0.0053843820
       -0.0014177577  -0.0004383650   0.0000674994  -0.0002432331  -0.0115187073
        0.0598567723   0.0467244726  -0.0027779945   0.0032855158   0.0160409639
        0.0559899139  -0.0411085155  -0.2457557622  -0.0008695617   0.0004809658
       -0.0011040895   0.0005721669  -0.0065254819  -0.0096373028   0.0128325311
        0.0027328875  -0.0003997106   0.0001851748   0.0008973415   0.0002674948
       -0.0005656846   0.0011235858   0.0011615466   0.0009441822  -0.0017836963
        0.0009909684   0.0000839270  -0.0000566067   0.0001246367  -0.0727302943
        0.0467244726   0.2784487732   0.0035576448  -0.0024849527  -0.0240965545
       -0.0874370772   0.0714150193  -0.0743088185  -0.0021024198  -0.0018430022
       -0.0024728046   0.0030514982  -0.0020886802  -0.0017974320  -0.0371753913
        0.0128846731  -0.0163093229  -0.0028662686  -0.0016484080   0.0001035708
        0.0000801507  -0.0001947031   0.0002113534  -0.0000582442  -0.0000833885
       -0.0001145741   0.0000543192   0.0005434633   0.0006976121   0.0047219086
       -0.0027779945   0.0035576448   0.1217315243  -0.0762069792   0.0904327709
        0.0720647167  -0.1053617197   0.0854951643   0.0007822823  -0.0012288397
       -0.0002521421   0.0136669290  -0.0246054537   0.0161023693  -0.0081432485
        0.0055348514  -0.0031600990  -0.0008177808  -0.0030068255   0.0001766712
        0.0011335971  -0.0032669155  -0.0004671380  -0.0003863337   0.0013249992
        0.0005631134  -0.0002471469   0.0001434102  -0.0000928020  -0.0018460360
        0.0032855158  -0.0024849527  -0.0762069792   0.1271809775  -0.0958801843
       -0.0789513787   0.0830899127  -0.1473054817   0.0007573042  -0.0011172293
       -0.0001183380   0.0009673052   0.0011733371   0.0041944564  -0.0027354356
       -0.0008604079   0.0037000158   0.0030051740  -0.0009665354   0.0003291279
       -0.0004660891  -0.0004280494   0.0002647686   0.0005165858  -0.0009373286
        0.0010647562   0.0001404993  -0.0001144787   0.0000038094  -0.0136667360
        0.0160409639  -0.0240965545   0.0904327709  -0.0958801843   0.1619634399
