           1           3   1.0753952460116600     
           2           3  0.18315759621971542     
           1           4  0.89441246969176202     
           2           4   1.1678754194442460     
           2           5   1.5459322133726876     
           3           5  0.46559187283791870     
           4           5  0.13786781331945963     
           3           6  0.98173437113405371     
           3           7  0.98362935609234636     
           2           8  0.92894588314004845     
           1           9  0.97017230071275640     
           1          10  0.95813896390882414     
