$hessian                                                                        
        0.0748868754  -0.0425947362  -0.0000001871  -0.1661484680   0.0400598872
        0.0000005101   0.0912615926   0.0025348489  -0.0000003230
       -0.0425947362   0.9265622116  -0.0000014685  -0.0451297291   0.0805055340
        0.0000000170   0.0877244652  -1.0070677455   0.0000014514
       -0.0000001871  -0.0000014685   0.0000000000   0.0000006587  -0.0000002803
       -0.0000000000  -0.0000004717   0.0000017488  -0.0000000000
       -0.1661484680  -0.0451297291   0.0000006587   0.2052415496   0.0319753497
       -0.0000007722  -0.0390930816   0.0131543794   0.0000001135
        0.0400598872   0.0805055340  -0.0000002803   0.0319753497  -0.0679654372
        0.0000000070  -0.0720352369  -0.0125400967   0.0000002733
        0.0000005101   0.0000000170  -0.0000000000  -0.0000007722   0.0000000070
        0.0000000000   0.0000002622  -0.0000000240  -0.0000000000
        0.0912615926   0.0877244652  -0.0000004717  -0.0390930816  -0.0720352369
        0.0000002622  -0.0521685110  -0.0156892283   0.0000002095
        0.0025348489  -1.0070677455   0.0000017488   0.0131543794  -0.0125400967
       -0.0000000240  -0.0156892283   1.0196078423  -0.0000017248
       -0.0000003230   0.0000014514  -0.0000000000   0.0000001135   0.0000002733
       -0.0000000000   0.0000002095  -0.0000017248   0.0000000000
