$grad
  cycle =      1    SCF energy =   -16.99951669915   |dE/dxyz| =  0.000124
    1.95816136567176     -1.16932023510972     -0.21119869642614      C 
   -2.24353640110599     -0.21695690668463      0.14392786202325      C 
    2.02541987588935      1.57697592895321      0.36346387988349      C 
   -0.63243634535130     -2.13997921738026      0.01520123032249      O 
   -1.48906913211042      1.92975000870687     -0.43149256428918      O 
    2.83765259587712      2.85373821096340     -0.98575650380823      H 
    2.03806065910121      2.16005992809217      2.31174210670246      H 
   -3.95241769093012     -0.59711926370351      1.23675365990711      H 
    2.57721547425381     -1.56924013635627     -2.14135697442509      H 
    3.03126184895465     -2.30979779254205      1.13179577965858      H 
   1.8044448632754E-05   1.8268490981534E-05   1.5773992444295E-05
   3.6539970648873E-05   5.9624270268818E-05   1.1296699213619E-05
   2.7757962889428E-05  -1.7351290663512E-05   2.8160134230207E-05
  -3.5850200285007E-05  -1.0183936006835E-05  -2.3593405120769E-05
  -1.7532622776441E-05  -5.8407587040317E-05  -2.9815723521428E-05
  -2.4180860766321E-05   1.1424843073861E-05  -2.9564755265495E-06
   8.1305171834090E-06   1.8012720037441E-06   3.3527392069194E-06
  -2.6614730675956E-06  -5.9038774443028E-06   5.3241673494076E-06
  -1.0318400569985E-05  -4.1769815071867E-06  -8.0237303351381E-06
   7.0658110882611E-08   4.9047963342320E-06   4.8160205939329E-07
$end
