           1           3   1.0753952801088957     
           2           3  0.18315743107780885     
           1           4  0.89441257937942664     
           2           4   1.1678755777008878     
           2           5   1.5459323755902441     
           3           5  0.46559155619411119     
           4           5  0.13786782821919577     
           3           6  0.98173436431748895     
           3           7  0.98362935051920886     
           2           8  0.92894586103067989     
           1           9  0.97017231845176521     
           1          10  0.95813900252319528     
